{
    "652.jpg": {
        "canvas_path": "/home/projects/medimg/supriti/brain-registration/142/142_nissl/652.jpg",
        "stack_path_intermediate": "/home/projects/medimg/supriti/brain-registration/142/142_nissl_reg/652.jpg",
        "status": "success",
        "error_message": null,
        "H_canvas_to_bfw": [
            [
                0.0001289075934792215,
                0.017466113414316167,
                391.80886360917225
            ],
            [
                -0.01746652580860625,
                0.00013154237683018368,
                1689.5397667139532
            ],
            [
                -2.63424093283521e-09,
                1.2560261555656526e-09,
                0.9999999999999999
            ]
        ],
        "H_bfw_to_canvas": [
            [
                0.42432484917984276,
                -57.26380481954341,
                96583.22119900647
            ],
            [
                57.252178243517896,
                0.4260279211479866,
                -23151.702011252535
            ],
            [
                -7.079245945043662e-08,
                -1.5138176083749062e-07,
                1.0002835026179797
            ]
        ],
        "corners_canvas_overlap": [
            [
                128.0,
                85247.984375
            ],
            [
                128.0,
                0.0
            ],
            [
                85247.984375,
                0.0
            ],
            [
                85247.984375,
                85247.984375
            ]
        ],
        "corners_bfw_overlap": [
            [
                1880.5756011533902,
                1698.3364962812202
            ],
            [
                391.8255606654461,
                1687.3046829575617
            ],
            [
                402.88850474797755,
                200.59869472629765
            ],
            [
                1891.9712273530972,
                211.7922533241056
            ]
        ],
        "bfw_dims_original": [
            2076,
            3088
        ],
        "interpolated_bfw_css_rotation_deg": -90.0
    },
    "709.jpg": {
        "canvas_path": "/home/projects/medimg/supriti/brain-registration/142/142_nissl/709.jpg",
        "stack_path_intermediate": "/home/projects/medimg/supriti/brain-registration/142/142_nissl_reg/709.jpg",
        "status": "success",
        "error_message": null,
        "H_canvas_to_bfw": [
            [
                0.00014131042438938134,
                0.016866175019458217,
                441.40631528929794
            ],
            [
                -0.01686853853123941,
                0.0001441764775762554,
                1694.2233039721525
            ],
            [
                -2.803983030586248e-09,
                -4.119825990823884e-10,
                0.9999999999999999
            ]
        ],
        "H_bfw_to_canvas": [
            [
                0.509311995387881,
                -59.294353144857446,
                100233.06136075515
            ],
            [
                59.28532202713595,
                0.5011336262032515,
                -27017.94781465517
            ],
            [
                2.5852623248517477e-08,
                -1.660539016939578e-07,
                1.0002699208787966
            ]
        ],
        "corners_canvas_overlap": [
            [
                128.0,
                85247.984375
            ],
            [
                128.0,
                0.0
            ],
            [
                85247.984375,
                0.0
            ],
            [
                85247.984375,
                85247.984375
            ]
        ],
        "corners_bfw_overlap": [
            [
                1879.2985042663595,
                1704.415396734409
            ],
            [
                441.42452107967347,
                1692.0647073409907
            ],
            [
                453.56114401256104,
                256.2756533872839
            ],
            [
                1891.7788083253606,
                268.57878103347167
            ]
        ],
        "bfw_dims_original": [
            2076,
            3088
        ],
        "interpolated_bfw_css_rotation_deg": -90.0
    },
    "1309.jpg": {
        "canvas_path": "/home/projects/medimg/supriti/brain-registration/142/142_nissl/1309.jpg",
        "stack_path_intermediate": "/home/projects/medimg/supriti/brain-registration/142/142_nissl_reg/1309.jpg",
        "status": "success",
        "error_message": null,
        "H_canvas_to_bfw": [
            [
                0.00012778522812528572,
                0.017155081304668512,
                437.89438568291166
            ],
            [
                -0.017154451270079096,
                0.0001258741170473849,
                1723.873135234879
            ],
            [
                7.506439916828773e-10,
                -4.2949856280940786e-10,
                1.0
            ]
        ],
        "H_bfw_to_canvas": [
            [
                0.43018232455866273,
                -58.28631480817517,
                100289.83782491181
            ],
            [
                58.28793173251996,
                0.433043107377378,
                -26270.469437945823
            ],
            [
                2.4711669130992064e-08,
                4.3938263400346517e-08,
                0.9999134349069418
            ]
        ],
        "corners_canvas_overlap": [
            [
                256.0,
                0.0
            ],
            [
                85248.0,
                0.0
            ],
            [
                85248.0,
                85248.0
            ],
            [
                256.0,
                85248.0
            ]
        ],
        "corners_bfw_overlap": [
            [
                437.92707129681594,
                1719.481285121549
            ],
            [
                448.7590718400595,
                261.4737414782278
            ],
            [
                1911.1718698811835,
                272.21353734741416
            ],
            [
                1900.432687003309,
                1730.2751105695806
            ]
        ],
        "bfw_dims_original": [
            2076,
            3088
        ],
        "interpolated_bfw_css_rotation_deg": -90.0
    },
    "1207.jpg": {
        "canvas_path": "/home/projects/medimg/supriti/brain-registration/142/142_nissl/1207.jpg",
        "stack_path_intermediate": "/home/projects/medimg/supriti/brain-registration/142/142_nissl_reg/1207.jpg",
        "status": "success",
        "error_message": null,
        "H_canvas_to_bfw": [
            [
                0.0001247799634013217,
                0.01498157520776831,
                551.8844441693839
            ],
            [
                -0.014981505074015442,
                0.0001245783181201869,
                1721.6992727537126
            ],
            [
                -5.21833962184783e-11,
                -3.6340418822188994e-11,
                0.9999999999999999
            ]
        ],
        "H_bfw_to_canvas": [
            [
                0.5552895801513181,
                -66.74474204539351,
                114607.91815839328
            ],
            [
                66.74393997494325,
                0.5560374925789469,
                -37792.27156134325
            ],
            [
                2.4544796287095087e-09,
                -3.462760684293739e-09,
                1.0000046072434263
            ]
        ],
        "corners_canvas_overlap": [
            [
                320.0,
                0.0
            ],
            [
                85248.0,
                0.0
            ],
            [
                85248.0,
                85248.0
            ],
            [
                320.0,
                85248.0
            ]
        ],
        "corners_bfw_overlap": [
            [
                551.9243804623579,
                1716.9052360367705
            ],
            [
                562.5241634890999,
                444.55790582095847
            ],
            [
                1839.684892658364,
                455.17941602559097
            ],
            [
                1829.079394000826,
                1727.5305749593147
            ]
        ],
        "bfw_dims_original": [
            2076,
            3088
        ],
        "interpolated_bfw_css_rotation_deg": -90.0
    },
    "148.jpg": {
        "canvas_path": "/home/projects/medimg/supriti/brain-registration/142/142_nissl/148.jpg",
        "stack_path_intermediate": "/home/projects/medimg/supriti/brain-registration/142/142_nissl_reg/148.jpg",
        "status": "success",
        "error_message": null,
        "H_canvas_to_bfw": [
            [
                -2.9018327841843793e-05,
                -0.025493538573597544,
                2018.6590741232594
            ],
            [
                0.025493769898331787,
                -2.8501454665438298e-05,
                -346.3287670460795
            ],
            [
                -2.463302350878772e-10,
                -5.117012068410347e-11,
                1.0
            ]
        ],
        "H_bfw_to_canvas": [
            [
                -0.04388089385542174,
                39.22535187308686,
                13673.448315716685
            ],
            [
                -39.22573547043894,
                -0.04388380916850371,
                79168.18862103755
            ],
            [
                -2.017994808844351e-09,
                9.660144608490961e-09,
                1.000007419229504
            ]
        ],
        "corners_canvas_overlap": [
            [
                192.0,
                85247.984375
            ],
            [
                192.0,
                0.0
            ],
            [
                85247.984375,
                0.0
            ],
            [
                85247.984375,
                85247.984375
            ]
        ],
        "corners_bfw_overlap": [
            [
                -154.6199350585939,
                -343.8651710166922
            ],
            [
                2018.6535980441806,
                -341.43397939296887
            ],
            [
                2016.2276592840194,
                1827.0019972167975
            ],
            [
                -157.09143461914073,
                1824.5802901367197
            ]
        ],
        "bfw_dims_original": [
            2076,
            3088
        ],
        "interpolated_bfw_css_rotation_deg": -90
    },
    "1837.jpg": {
        "canvas_path": "/home/projects/medimg/supriti/brain-registration/142/142_nissl/1837.jpg",
        "stack_path_intermediate": "/home/projects/medimg/supriti/brain-registration/142/142_nissl_reg/1837.jpg",
        "status": "success",
        "error_message": null,
        "H_canvas_to_bfw": [
            [
                -0.00015076428805409187,
                -0.01588516926045171,
                1914.4558144652203
            ],
            [
                0.015885715524390887,
                -0.00015384468638490894,
                180.49677271146706
            ],
            [
                1.3806863511811053e-09,
                -8.600774444650368e-10,
                1.0
            ]
        ],
        "H_bfw_to_canvas": [
            [
                -0.6090552171439589,
                62.94474121851851,
                -10195.313347309419
            ],
            [
                -62.952443640095886,
                -0.6079381002129887,
                120629.40262667242
            ],
            [
                -5.3303062623376615e-08,
                -8.742981892665936e-08,
                1.000117827158323
            ]
        ],
        "corners_canvas_overlap": [
            [
                192.0078125,
                0.0
            ],
            [
                85247.9921875,
                0.0
            ],
            [
                85247.9921875,
                85247.984375
            ],
            [
                192.0078125,
                85247.984375
            ]
        ],
        "corners_bfw_overlap": [
            [
                1914.426358649254,
                183.54690554946725
            ],
            [
                1901.3796680062298,
                1534.5414905761725
            ],
            [
                547.4004550048833,
                1521.5396332519538
            ],
            [
                560.289136157227,
                170.4444566564567
            ]
        ],
        "bfw_dims_original": [
            2076,
            3088
        ],
        "interpolated_bfw_css_rotation_deg": -90
    },
    "1723.jpg": {
        "canvas_path": "/home/projects/medimg/supriti/brain-registration/142/142_nissl/1723.jpg",
        "stack_path_intermediate": "/home/projects/medimg/supriti/brain-registration/142/142_nissl_reg/1723.jpg",
        "status": "success",
        "error_message": null,
        "H_canvas_to_bfw": [
            [
                0.00014528974189849262,
                0.015884138994657605,
                546.5755149652634
            ],
            [
                -0.015883045774136594,
                0.00014315648013149334,
                1544.5394828312005
            ],
            [
                1.2406850241081647e-09,
                -2.607545209377637e-10,
                1.0
            ]
        ],
        "H_bfw_to_canvas": [
            [
                0.568907447366891,
                -62.94744208561351,
                96913.8587634483
            ],
            [
                62.950138999048164,
                0.573077931015814,
                -35292.14613173282
            ],
            [
                1.570869838761073e-08,
                7.824738136289871e-08,
                0.9998705578401461
            ]
        ],
        "corners_canvas_overlap": [
            [
                384.0,
                0.0
            ],
            [
                85248.0,
                0.0
            ],
            [
                85248.0,
                85248.0
            ],
            [
                384.0,
                85248.0
            ]
        ],
        "corners_bfw_overlap": [
            [
                546.6310555908208,
                1538.4396154785163
            ],
            [
                558.9021075683597,
                190.52144622049406
            ],
            [
                1912.8924582467082,
                202.72846479606693
            ],
            [
                1900.763733526707,
                1550.6779059326177
            ]
        ],
        "bfw_dims_original": [
            2076,
            3088
        ],
        "interpolated_bfw_css_rotation_deg": -90
    },
    "664.jpg": {
        "canvas_path": "/home/projects/medimg/supriti/brain-registration/142/142_nissl/664.jpg",
        "stack_path_intermediate": "/home/projects/medimg/supriti/brain-registration/142/142_nissl_reg/664.jpg",
        "status": "success",
        "error_message": null,
        "H_canvas_to_bfw": [
            [
                0.00013411329683656216,
                0.017338321330645882,
                402.21104673251284
            ],
            [
                -0.01733932887784975,
                0.0001342323544198683,
                1690.3524071076295
            ],
            [
                2.2582470011229098e-10,
                -1.316759411987018e-10,
                1.0
            ]
        ],
        "H_bfw_to_canvas": [
            [
                0.4471986585953698,
                -57.667632887972026,
                97298.7538238116
            ],
            [
                57.672077467156974,
                0.44576027329921586,
                -23949.838596268062
            ],
            [
                7.493036578404417e-09,
                1.3081471806647637e-08,
                0.9999748739205576
            ]
        ],
        "corners_canvas_overlap": [
            [
                128.0,
                0.0
            ],
            [
                85248.0,
                0.0
            ],
            [
                85248.0,
                85248.0
            ],
            [
                128.0,
                85248.0
            ]
        ],
        "corners_bfw_overlap": [
            [
                402.22815927426745,
                1688.1329462756596
            ],
            [
                413.63593397906743,
                212.20521371832834
            ],
            [
                1891.685971065461,
                223.6505434468889
            ],
            [
                1880.3064822433228,
                1699.59503667128
            ]
        ],
        "bfw_dims_original": [
            2076,
            3088
        ],
        "interpolated_bfw_css_rotation_deg": -90.0
    },
    "331.jpg": {
        "canvas_path": "/home/projects/medimg/supriti/brain-registration/142/142_nissl/331.jpg",
        "stack_path_intermediate": "/home/projects/medimg/supriti/brain-registration/142/142_nissl_reg/331.jpg",
        "status": "success",
        "error_message": null,
        "H_canvas_to_bfw": [
            [
                -5.780868123973638e-05,
                -0.0208258593750398,
                1887.541997423212
            ],
            [
                0.0208255181535122,
                -5.906326457895845e-05,
                -125.30451708929134
            ],
            [
                7.546478251965871e-10,
                -1.2956680714178765e-09,
                1.0
            ]
        ],
        "H_bfw_to_canvas": [
            [
                -0.1365703332671036,
                48.01740646161126,
                6274.580168196158
            ],
            [
                -48.02247713354213,
                -0.1365876117697082,
                90627.32736512346
            ],
            [
                -6.211812782733922e-08,
                -3.641320356535672e-08,
                1.000112687836187
            ]
        ],
        "corners_canvas_overlap": [
            [
                256.0,
                0.0
            ],
            [
                85248.0,
                0.0
            ],
            [
                85248.0,
                85248.0
            ],
            [
                256.0,
                85248.0
            ]
        ],
        "corners_bfw_overlap": [
            [
                1887.5268337746177,
                -119.97316126385658
            ],
            [
                1882.492817961081,
                1649.923166764196
            ],
            [
                107.25602387184017,
                1645.070148625793
            ],
            [
                112.17678018138031,
                -125.02199456347513
            ]
        ],
        "bfw_dims_original": [
            2076,
            3088
        ],
        "interpolated_bfw_css_rotation_deg": -90.0
    },
    "736.jpg": {
        "canvas_path": "/home/projects/medimg/supriti/brain-registration/142/142_nissl/736.jpg",
        "stack_path_intermediate": "/home/projects/medimg/supriti/brain-registration/142/142_nissl_reg/736.jpg",
        "status": "success",
        "error_message": null,
        "H_canvas_to_bfw": [
            [
                -0.0001390709996382276,
                -0.016586700223738617,
                1885.2438530542306
            ],
            [
                0.016586345724161126,
                -0.00014074330866721717,
                276.17723849938193
            ],
            [
                5.960841482588935e-10,
                -3.848108454403217e-10,
                1.0
            ]
        ],
        "H_bfw_to_canvas": [
            [
                -0.5111886071231332,
                60.286833240777625,
                -15686.135942980474
            ],
            [
                -60.28758323916458,
                -0.509581044034037,
                113797.53040266325
            ],
            [
                -2.2894604450340052e-08,
                -3.6132117955929994e-08,
                1.0000531407808664
            ]
        ],
        "corners_canvas_overlap": [
            [
                256.0,
                0.0
            ],
            [
                85248.0,
                0.0
            ],
            [
                85248.0,
                85248.0
            ],
            [
                256.0,
                85248.0
            ]
        ],
        "corners_bfw_overlap": [
            [
                1885.2079631749923,
                280.4233002122073
            ],
            [
                1873.2931375911187,
                1690.0441260247248
            ],
            [
                459.3970062163371,
                1678.1017465837767
            ],
            [
                471.24063836177834,
                268.4340226192046
            ]
        ],
        "bfw_dims_original": [
            2076,
            3088
        ],
        "interpolated_bfw_css_rotation_deg": -90.0
    },
    "1846.jpg": {
        "canvas_path": "/home/projects/medimg/supriti/brain-registration/142/142_nissl/1846.jpg",
        "stack_path_intermediate": "/home/projects/medimg/supriti/brain-registration/142/142_nissl_reg/1846.jpg",
        "status": "success",
        "error_message": null,
        "H_canvas_to_bfw": [
            [
                -0.00015478346300118375,
                -0.015884286210043043,
                1914.9437092765338
            ],
            [
                0.015883742112958323,
                -0.00015520164763512304,
                180.01773612929338
            ],
            [
                1.6942894931906632e-10,
                1.5907294262763847e-10,
                1.0
            ]
        ],
        "H_bfw_to_canvas": [
            [
                -0.6151867639215731,
                62.95156976186177,
                -10154.351050713833
            ],
            [
                -62.94808538879294,
                -0.6147017897974277,
                120652.6973508651
            ],
            [
                1.0117567622617376e-08,
                -1.056803590019659e-08,
                0.9999825278614259
            ]
        ],
        "corners_canvas_overlap": [
            [
                192.0078125,
                0.0
            ],
            [
                85247.9921875,
                0.0
            ],
            [
                85247.9921875,
                85247.984375
            ],
            [
                192.0078125,
                85247.984375
            ]
        ],
        "corners_bfw_overlap": [
            [
                1914.9139277172092,
                183.06753273999755
            ],
            [
                1901.7212625376706,
                1534.0526737548835
            ],
            [
                547.630033862305,
                1520.8016302978522
            ],
            [
                560.803020507813,
                169.8346029142387
            ]
        ],
        "bfw_dims_original": [
            2076,
            3088
        ],
        "interpolated_bfw_css_rotation_deg": -90
    },
    "1258.jpg": {
        "canvas_path": "/home/projects/medimg/supriti/brain-registration/142/142_nissl/1258.jpg",
        "stack_path_intermediate": "/home/projects/medimg/supriti/brain-registration/142/142_nissl_reg/1258.jpg",
        "status": "success",
        "error_message": null,
        "H_canvas_to_bfw": [
            [
                0.00013606699401305536,
                0.01599998119934203,
                497.07913132410044
            ],
            [
                -0.016001034878545557,
                0.00013633787655830025,
                1723.5668924087609
            ],
            [
                -1.093803854685975e-10,
                -6.027005777744158e-10,
                1.0
            ]
        ],
        "H_bfw_to_canvas": [
            [
                0.5365506306167744,
                -62.49212959522897,
                107442.65748507596
            ],
            [
                62.49433851620298,
                0.5316477927371709,
                -31980.962036292418
            ],
            [
                3.7724062046145754e-08,
                -6.514988792024509e-09,
                0.9999924771749945
            ]
        ],
        "corners_canvas_overlap": [
            [
                384.0,
                0.0
            ],
            [
                85248.0,
                0.0
            ],
            [
                85248.0,
                85248.0
            ],
            [
                384.0,
                85248.0
            ]
        ],
        "corners_bfw_overlap": [
            [
                497.13144476862226,
                1717.422557266963
            ],
            [
                508.68329194745024,
                359.51402351489565
            ],
            [
                1872.7586507458439,
                371.1557333718857
            ],
            [
                1861.1934828162514,
                1729.1339148648874
            ]
        ],
        "bfw_dims_original": [
            2076,
            3088
        ],
        "interpolated_bfw_css_rotation_deg": -90.0
    },
    "58.jpg": {
        "canvas_path": "/home/projects/medimg/supriti/brain-registration/142/142_nissl/58.jpg",
        "stack_path_intermediate": "/home/projects/medimg/supriti/brain-registration/142/142_nissl_reg/58.jpg",
        "status": "success",
        "error_message": null,
        "H_canvas_to_bfw": [
            [
                -4.638192392953341e-06,
                -0.0254939026111137,
                2017.2013841840305
            ],
            [
                0.025493423419602566,
                -5.145851155554226e-06,
                -339.6120645314376
            ],
            [
                -8.018150574662409e-11,
                -1.914088848614547e-11,
                0.9999999999999999
            ]
        ],
        "H_bfw_to_canvas": [
            [
                -0.007927607122850311,
                39.22584331640005,
                13337.561211730797
            ],
            [
                -39.225123524195915,
                -0.006887639007609487,
                79122.63434249445
            ],
            [
                -7.514393627079934e-10,
                3.14505534575993e-09,
                1.0000025839032618
            ]
        ],
        "corners_canvas_overlap": [
            [
                -2.6099673637591803e-12,
                0.0
            ],
            [
                85248.0,
                0.0
            ],
            [
                85248.0,
                85248.0
            ],
            [
                0.0,
                85248.0
            ]
        ],
        "corners_bfw_overlap": [
            [
                2017.2013841833411,
                -339.61206450941484
            ],
            [
                2016.819773129952,
                1833.6638327636724
            ],
            [
                -156.49950161132847,
                1833.2280489746104
            ],
            [
                -156.1031534667968,
                -340.0512929267159
            ]
        ],
        "bfw_dims_original": [
            2076,
            3088
        ],
        "interpolated_bfw_css_rotation_deg": -90
    },
    "1864.jpg": {
        "canvas_path": "/home/projects/medimg/supriti/brain-registration/142/142_nissl/1864.jpg",
        "stack_path_intermediate": "/home/projects/medimg/supriti/brain-registration/142/142_nissl_reg/1864.jpg",
        "status": "success",
        "error_message": null,
        "H_canvas_to_bfw": [
            [
                0.00015044667957885737,
                0.01588547554367876,
                543.9926887031738
            ],
            [
                -0.015883699493798396,
                0.00014788982828196754,
                1542.9216747941716
            ],
            [
                1.763529271246444e-09,
                8.186478224979623e-10,
                1.0
            ]
        ],
        "H_bfw_to_canvas": [
            [
                0.5809801550341764,
                -62.94137511978562,
                96797.56295704763
            ],
            [
                62.94688382121998,
                0.59231478644044,
                -35156.53989769179
            ],
            [
                -5.255590488269001e-08,
                1.1051406018609179e-07,
                0.9998580754891737
            ]
        ],
        "corners_canvas_overlap": [
            [
                256.0078125,
                0.0
            ],
            [
                85247.9921875,
                0.0
            ],
            [
                85247.9921875,
                85247.984375
            ],
            [
                256.0078125,
                85247.984375
            ]
        ],
        "corners_bfw_overlap": [
            [
                544.0309819580082,
                1538.8545947753912
            ],
            [
                556.7342626708989,
                188.83979466295315
            ],
            [
                1910.6021648285869,
                201.43115422859256
            ],
            [
                1898.1026532875064,
                1551.3536123535162
            ]
        ],
        "bfw_dims_original": [
            2076,
            3088
        ],
        "interpolated_bfw_css_rotation_deg": -90
    },
    "991.jpg": {
        "canvas_path": "/home/projects/medimg/supriti/brain-registration/142/142_nissl/991.jpg",
        "stack_path_intermediate": "/home/projects/medimg/supriti/brain-registration/142/142_nissl_reg/991.jpg",
        "status": "success",
        "error_message": null,
        "H_canvas_to_bfw": [
            [
                -0.00011614915301165638,
                -0.013915639782553403,
                1879.7538921306964
            ],
            [
                0.013914552837564995,
                -0.00011418421431706384,
                528.8800494320282
            ],
            [
                -1.2946813127748071e-09,
                4.2191411254061903e-10,
                1.0
            ]
        ],
        "H_bfw_to_canvas": [
            [
                -0.5907533861305521,
                71.85883943879487,
                -36894.235577649706
            ],
            [
                -71.85266734806255,
                -0.5871807688218459,
                135375.87930153278
            ],
            [
                2.9550817008352462e-08,
                9.328203643207141e-08,
                0.9998951167286737
            ]
        ],
        "corners_canvas_overlap": [
            [
                256.0,
                0.0
            ],
            [
                85248.0,
                0.0
            ],
            [
                85248.0,
                85184.0
            ],
            [
                256.0,
                85184.0
            ]
        ],
        "corners_bfw_overlap": [
            [
                1879.7247810082144,
                532.4423514331492
            ],
            [
                1870.0588059972447,
                1715.2571182634877
            ],
            [
                684.5134911916668,
                1705.4681526250545
            ],
            [
                694.3096290193384,
                522.6968945202641
            ]
        ],
        "bfw_dims_original": [
            2076,
            3088
        ],
        "interpolated_bfw_css_rotation_deg": -90.0
    },
    "469.jpg": {
        "canvas_path": "/home/projects/medimg/supriti/brain-registration/142/142_nissl/469.jpg",
        "stack_path_intermediate": "/home/projects/medimg/supriti/brain-registration/142/142_nissl_reg/469.jpg",
        "status": "success",
        "error_message": null,
        "H_canvas_to_bfw": [
            [
                0.0001392786814437987,
                0.019383164468400833,
                227.62825288076237
            ],
            [
                -0.019384215439909817,
                0.00014086817886525152,
                1670.2747131472468
            ],
            [
                -2.2188626311034013e-09,
                1.5811991911341353e-09,
                1.0
            ]
        ],
        "H_bfw_to_canvas": [
            [
                0.3679503221995419,
                -51.59557726306633,
                86095.03212374552
            ],
            [
                51.589467577505836,
                0.3720939161469201,
                -12364.719430772515
            ],
            [
                -8.075679318456193e-08,
                -1.1507185291846364e-07,
                1.0002105841338655
            ]
        ],
        "corners_canvas_overlap": [
            [
                64.0,
                85247.984375
            ],
            [
                64.0,
                0.0
            ],
            [
                85247.984375,
                0.0
            ],
            [
                85247.984375,
                85247.984375
            ]
        ],
        "corners_bfw_overlap": [
            [
                1879.7597547580501,
                1680.8165043572928
            ],
            [
                227.6372641019036,
                1669.034417440785
            ],
            [
                239.54678330387537,
                17.812787588981937
            ],
            [
                1891.9800284978974,
                29.81976696761472
            ]
        ],
        "bfw_dims_original": [
            2076,
            3088
        ],
        "interpolated_bfw_css_rotation_deg": -90.0
    },
    "637.jpg": {
        "canvas_path": "/home/projects/medimg/supriti/brain-registration/142/142_nissl/637.jpg",
        "stack_path_intermediate": "/home/projects/medimg/supriti/brain-registration/142/142_nissl_reg/637.jpg",
        "status": "success",
        "error_message": null,
        "H_canvas_to_bfw": [
            [
                -0.00013496306714868916,
                -0.01761952738673018,
                1886.39441495824
            ],
            [
                0.017618515209668336,
                -0.00013047907404008997,
                180.35162231999217
            ],
            [
                -2.8613887372370637e-09,
                2.2367647648469423e-09,
                1.0
            ]
        ],
        "H_bfw_to_canvas": [
            [
                -0.4214805336877749,
                56.75370998778414,
                -9440.545144212978
            ],
            [
                -56.73852454062338,
                -0.41723901921367984,
                107106.48554041337
            ],
            [
                1.2570471284981107e-07,
                1.6332769209216064e-07,
                0.9997334149175074
            ]
        ],
        "corners_canvas_overlap": [
            [
                128.0,
                0.0
            ],
            [
                85248.0,
                0.0
            ],
            [
                85248.0,
                85248.0
            ],
            [
                128.0,
                85248.0
            ]
        ],
        "corners_bfw_overlap": [
            [
                1886.3778304685904,
                182.60685914855893
            ],
            [
                1875.3465325800726,
                1682.705297986248
            ],
            [
                372.87952475625707,
                1671.2606889929816
            ],
            [
                384.2744771922221,
                171.45108317244757
            ]
        ],
        "bfw_dims_original": [
            2076,
            3088
        ],
        "interpolated_bfw_css_rotation_deg": -90.0
    },
    "436.jpg": {
        "canvas_path": "/home/projects/medimg/supriti/brain-registration/142/142_nissl/436.jpg",
        "stack_path_intermediate": "/home/projects/medimg/supriti/brain-registration/142/142_nissl_reg/436.jpg",
        "status": "success",
        "error_message": null,
        "H_canvas_to_bfw": [
            [
                -0.000154274373949727,
                -0.019725836553527023,
                1891.674471254728
            ],
            [
                0.019724295937053552,
                -0.00015299688077208973,
                -17.766935413604042
            ],
            [
                -7.980153453902024e-10,
                -2.197414422443956e-10,
                1.0
            ]
        ],
        "H_bfw_to_canvas": [
            [
                -0.39322406955075706,
                50.69588547951477,
                1644.5624569020665
            ],
            [
                -50.69295786298922,
                -0.39261754069854077,
                95887.5986513205
            ],
            [
                -1.1453142514125913e-08,
                4.036982021615359e-08,
                1.0000223828652979
            ]
        ],
        "corners_canvas_overlap": [
            [
                64.0,
                85247.984375
            ],
            [
                64.0,
                0.0
            ],
            [
                85247.984375,
                0.0
            ],
            [
                85247.984375,
                85247.984375
            ]
        ],
        "corners_bfw_overlap": [
            [
                210.08070524096115,
                -29.547811366733416
            ],
            [
                1891.6646945687728,
                -16.504581314045417
            ],
            [
                1878.6506951088459,
                1663.802752288589
            ],
            [
                196.9522300431065,
                1650.7900227473335
            ]
        ],
        "bfw_dims_original": [
            2076,
            3088
        ],
        "interpolated_bfw_css_rotation_deg": -90.0
    },
    "79.jpg": {
        "canvas_path": "/home/projects/medimg/supriti/brain-registration/142/142_nissl/79.jpg",
        "stack_path_intermediate": "/home/projects/medimg/supriti/brain-registration/142/142_nissl_reg/79.jpg",
        "status": "success",
        "error_message": null,
        "H_canvas_to_bfw": [
            [
                -6.681206460601724e-07,
                -0.02549293126351425,
                2016.3128803122793
            ],
            [
                0.025492783563153067,
                -2.728721750175131e-06,
                -339.28101712104825
            ],
            [
                1.184132527728606e-10,
                -8.557680519495603e-10,
                1.0
            ]
        ],
        "H_bfw_to_canvas": [
            [
                -0.00464584284150512,
                39.22672537352915,
                13318.250755820234
            ],
            [
                -39.22921516199481,
                -0.0013955356393273003,
                79097.89833692074
            ],
            [
                -3.357055890932771e-08,
                -4.6461584019227846e-09,
                1.0000661123969798
            ]
        ],
        "corners_canvas_overlap": [
            [
                -2.6099673637591803e-12,
                0.0
            ],
            [
                85248.0,
                0.0
            ],
            [
                85248.0,
                85248.0
            ],
            [
                0.0,
                85248.0
            ]
        ],
        "corners_bfw_overlap": [
            [
