{
    "652.jpg": {
        "canvas_path": "/home/projects/medimg/supriti/brain-registration/142/142_nissl/652.jpg",
        "stack_path_intermediate": "/home/projects/medimg/supriti/brain-registration/142/142_nissl_reg/652.jpg",
        "status": "success",
        "error_message": null,
        "H_canvas_to_bfw": [
            [
                0.01710721870351155,
                -0.00012763900111083807,
                178.35538198342545
            ],
            [
                0.00013059805103833661,
                0.0171095575342112,
                483.22610906488273
            ],
            [
                5.320071305782847e-10,
                6.712343989568618e-10,
                1.0
            ]
        ],
        "H_bfw_to_canvas": [
            [
                58.451854341607316,
                0.43647391902740273,
                -10636.11840233683
            ],
            [
                -0.44529590489843257,
                58.444647943369375,
                -28162.558900127467
            ],
            [
                -3.079790537617591e-08,
                -3.946226537174696e-08,
                1.0000245621691282
            ]
        ],
        "corners_canvas_overlap": [
            [
                128.0,
                0.0
            ],
            [
                85248.0,
                0.0
            ],
            [
                85248.0,
                85248.0
            ],
            [
                128.0,
                85248.0
            ]
        ],
        "corners_bfw_overlap": [
            [
                180.54509367185435,
                483.2427928175091
            ],
            [
                1636.6372921252332,
                494.33691239983943
            ],
            [
                1625.6638264117312,
                1952.7146191715117
            ],
            [
                169.65441657156754,
                1941.6871351081518
            ]
        ],
        "bfw_dims_original": [
            1676,
            1678
        ],
        "interpolated_bfw_css_rotation_deg": 0.0
    },
    "709.jpg": {
        "canvas_path": "/home/projects/medimg/supriti/brain-registration/142/142_nissl/709.jpg",
        "stack_path_intermediate": "/home/projects/medimg/supriti/brain-registration/142/142_nissl_reg/709.jpg",
        "status": "success",
        "error_message": null,
        "H_canvas_to_bfw": [
            [
                0.016520556226973748,
                -0.00014286610879823733,
                192.7255191537177
            ],
            [
                0.00014032532754558924,
                0.016522380738100063,
                497.5611273876915
            ],
            [
                -1.0225508608300704e-09,
                -5.851715360906595e-10,
                1.0
            ]
        ],
        "H_bfw_to_canvas": [
            [
                60.525469719584706,
                0.5229307030724953,
                -11924.99256389597
            ],
            [
                -0.5159002526582763,
                60.51844155541566,
                -30012.196864033634
            ],
            [
                6.158848102058808e-08,
                3.594839264737663e-08,
                0.9999702438052479
            ]
        ],
        "corners_canvas_overlap": [
            [
                64.0,
                0.0
            ],
            [
                85248.0,
                0.0
            ],
            [
                85248.0,
                85248.0
            ],
            [
                64.0,
                85248.0
            ]
        ],
        "corners_bfw_overlap": [
            [
                193.78284745815824,
                497.57014076103405
            ],
            [
                1601.2095275581962,
                509.5679996741297
            ],
            [
                1589.1085779362809,
                1918.2864650052863
            ],
            [
                181.61285670680516,
                1906.1652705683348
            ]
        ],
        "bfw_dims_original": [
            1676,
            1678
        ],
        "interpolated_bfw_css_rotation_deg": 0.0
    },
    "1309.jpg": {
        "canvas_path": "/home/projects/medimg/supriti/brain-registration/142/142_nissl/1309.jpg",
        "stack_path_intermediate": "/home/projects/medimg/supriti/brain-registration/142/142_nissl_reg/1309.jpg",
        "status": "success",
        "error_message": null,
        "H_canvas_to_bfw": [
            [
                0.014271169666405865,
                -0.00012029774571633341,
                234.4006556839078
            ],
            [
                0.00012201520466783787,
                0.014271394675972871,
                494.2319871814955
            ],
            [
                6.770228044764465e-10,
                5.137926091525514e-10,
                1.0
            ]
        ],
        "H_bfw_to_canvas": [
            [
                70.06707949834596,
                0.5912176381485308,
                -16715.968044427686
            ],
            [
                -0.597415743479814,
                70.0664423590906,
                -34489.0423998835
            ],
            [
                -4.7130062869853007e-08,
                -3.639988805714926e-08,
                1.0000290373066467
            ]
        ],
        "corners_canvas_overlap": [
            [
                256.0,
                85247.984375
            ],
            [
                256.0,
                0.0
            ],
            [
                85247.984375,
                0.0
            ],
            [
                85247.984375,
                85247.984375
            ]
        ],
        "corners_bfw_overlap": [
            [
                227.7889183649181,
                1710.7956702875772
            ],
            [
                238.0540338602296,
                494.26313741869114
            ],
            [
                1450.9053237823484,
                504.60441410137196
            ],
            [
                1440.5876871948242,
                1721.0664804896035
            ]
        ],
        "bfw_dims_original": [
            1676,
            1678
        ],
        "interpolated_bfw_css_rotation_deg": 0.0
    },
    "1207.jpg": {
        "canvas_path": "/home/projects/medimg/supriti/brain-registration/142/142_nissl/1207.jpg",
        "stack_path_intermediate": "/home/projects/medimg/supriti/brain-registration/142/142_nissl_reg/1207.jpg",
        "status": "success",
        "error_message": null,
        "H_canvas_to_bfw": [
            [
                0.014148640153211678,
                -0.0001182759850553396,
                238.38718505471385
            ],
            [
                0.00011749522281920667,
                0.01414792708698954,
                522.5907244661126
            ],
            [
                -3.063555126153297e-10,
                -8.330812758360744e-10,
                1.0
            ]
        ],
        "H_bfw_to_canvas": [
            [
                70.67290095318256,
                0.5898118357873593,
                -17155.7441124426
            ],
            [
                -0.5877035525858721,
                70.6746529293914,
                -36793.817080214125
            ],
            [
                2.1161427974123035e-08,
                5.905842213898837e-08,
                0.9999640920031421
            ]
        ],
        "corners_canvas_overlap": [
            [
                320.0078125,
                0.0
            ],
            [
                85247.9921875,
                0.0
            ],
            [
                85247.9921875,
                85247.984375
            ],
            [
                320.0078125,
                85247.984375
            ]
        ],
        "corners_bfw_overlap": [
            [
                242.91488424799803,
                522.6283751132809
            ],
            [
                1444.5680475193808,
                532.6208665908613
            ],
            [
                1434.586865535478,
                1738.8581234013607
            ],
            [
                232.84863012751458,
                1728.8335324036088
            ]
        ],
        "bfw_dims_original": [
            1676,
            1678
        ],
        "interpolated_bfw_css_rotation_deg": 0.0
    },
    "148.jpg": {
        "canvas_path": "/home/projects/medimg/supriti/brain-registration/142/142_nissl/148.jpg",
        "stack_path_intermediate": "/home/projects/medimg/supriti/brain-registration/142/142_nissl_reg/148.jpg",
        "status": "success",
        "error_message": null,
        "H_canvas_to_bfw": [
            [
                0.026776032239963336,
                -2.5524096075620412e-05,
                -119.86455211457336
            ],
            [
                2.5145527899835726e-05,
                0.026775665159515856,
                -95.54124277051037
            ],
            [
                -3.6116578255487153e-10,
                -2.157263788755641e-10,
                1.0
            ]
        ],
        "H_bfw_to_canvas": [
            [
                37.346859793569564,
                0.03563725791295933,
                4479.96944995192
            ],
            [
                -0.03502503194478316,
                37.34734016547685,
                3564.0130338157965
            ],
            [
                1.3480852020000171e-08,
                8.069677412674473e-09,
                1.0000023868632983
            ]
        ],
        "corners_canvas_overlap": [
            [
                192.0,
                85247.984375
            ],
            [
                192.0,
                0.0
            ],
            [
                85247.984375,
                0.0
            ],
            [
                85247.984375,
                85247.984375
            ]
        ],
        "corners_bfw_overlap": [
            [
                -116.90158968609451,
                2187.075436130707
            ],
            [
                -114.72356186441651,
                -95.5364214702277
            ],
            [
                2162.804877365022,
                -93.40051292849401
            ],
            [
                2160.6687115101354,
                2189.2815274786467
            ]
        ],
        "bfw_dims_original": [
            1676,
            1678
        ],
        "interpolated_bfw_css_rotation_deg": 0
    },
    "1837.jpg": {
        "canvas_path": "/home/projects/medimg/supriti/brain-registration/142/142_nissl/1837.jpg",
        "stack_path_intermediate": "/home/projects/medimg/supriti/brain-registration/142/142_nissl_reg/1837.jpg",
        "status": "success",
        "error_message": null,
        "H_canvas_to_bfw": [
            [
                0.015008127816480404,
                -0.00014268207791379232,
                197.61409973386853
            ],
            [
                0.00014223560906619258,
                0.015006038318205829,
                458.5821990390064
            ],
            [
                4.694166736741437e-10,
                -8.988295339459788e-10,
                0.9999999999999999
            ]
        ],
        "H_bfw_to_canvas": [
            [
                66.62498736881642,
                0.6326850984860025,
                -13456.17502243194
            ],
            [
                -0.6305357519943198,
                66.6320223748798,
                -30431.656592108284
            ],
            [
                -3.1841624110352975e-08,
                5.959383668267676e-08,
                0.9999789636812076
            ]
        ],
        "corners_canvas_overlap": [
            [
                192.0078125,
                0.0
            ],
            [
                85247.9921875,
                0.0
            ],
            [
                85247.9921875,
                85247.984375
            ],
            [
                192.0078125,
                85247.984375
            ]
        ],
        "corners_bfw_overlap": [
            [
                200.49575945723558,
                458.6094677992209
            ],
            [
                1476.9677978538714,
                470.6886635353382
            ],
            [
                1464.9171522740498,
                1750.0060780601368
            ],
            [
                188.3468325971102,
                1737.976995746756
            ]
        ],
        "bfw_dims_original": [
            1676,
            1678
        ],
        "interpolated_bfw_css_rotation_deg": 0
    },
    "1723.jpg": {
        "canvas_path": "/home/projects/medimg/supriti/brain-registration/142/142_nissl/1723.jpg",
        "stack_path_intermediate": "/home/projects/medimg/supriti/brain-registration/142/142_nissl_reg/1723.jpg",
        "status": "success",
        "error_message": null,
        "H_canvas_to_bfw": [
            [
                0.015006893612594064,
                -0.00013390310254480297,
                195.20610740981627
            ],
            [
                0.00013356654811683122,
                0.01500626514110698,
                461.56020868762334
            ],
            [
                4.400565836256664e-10,
                -7.189267919928456e-10,
                1.0
            ]
        ],
        "H_bfw_to_canvas": [
            [
                66.63114578571702,
                0.5939232074684747,
                -13280.937920669377
            ],
            [
                -0.5921501411764486,
                66.6320815051594,
                -30639.126120750876
            ],
            [
                -2.974718697890045e-08,
                4.76422287826955e-08,
                0.9999838170755173
            ]
        ],
        "corners_canvas_overlap": [
            [
                320.0,
                0.0
            ],
            [
                85248.0,
                0.0
            ],
            [
                85248.0,
                85248.0
            ],
            [
                320.0,
                85248.0
            ]
        ],
        "corners_bfw_overlap": [
            [
                200.00828522370784,
                461.6028851275513
            ],
            [
                1474.4584838891667,
                472.92874823775674
            ],
            [
                1463.1336060616802,
                1752.2422016986259
            ],
            [
                188.60487376470664,
                1740.9635054430637
            ]
        ],
        "bfw_dims_original": [
            1676,
            1678
        ],
        "interpolated_bfw_css_rotation_deg": 0
    },
    "664.jpg": {
        "canvas_path": "/home/projects/medimg/supriti/brain-registration/142/142_nissl/664.jpg",
        "stack_path_intermediate": "/home/projects/medimg/supriti/brain-registration/142/142_nissl_reg/664.jpg",
        "status": "success",
        "error_message": null,
        "H_canvas_to_bfw": [
            [
                0.016983327416090124,
                -0.00013171139273300067,
                181.5714359468899
            ],
            [
                0.00013091403444226847,
                0.01698496253508539,
                486.26048202939535
            ],
            [
                -7.339919336867425e-10,
                9.096426309026193e-10,
                1.0
            ]
        ],
        "H_bfw_to_canvas": [
            [
                58.87728110257125,
                0.45715351806461224,
                -10912.728164498078
            ],
            [
                -0.45505414783571324,
                58.87360823589175,
                -28545.284284538382
            ],
            [
                4.3629386058934604e-08,
                -5.321839689171075e-08,
                1.0000179561530493
            ]
        ],
        "corners_canvas_overlap": [
            [
                128.0,
                85247.984375
            ],
            [
                128.0,
                0.0
            ],
            [
                85247.984375,
                0.0
            ],
            [
                85247.984375,
                85247.984375
            ]
        ],
        "corners_bfw_overlap": [
            [
                172.50381073705495,
                1934.0612038186562
            ],
            [
                183.74531911773755,
                486.2772848144156
            ],
            [
                1629.4678734904453,
                497.4517657046861
            ],
            [
                1618.1134667901613,
                1945.325388197629
            ]
        ],
        "bfw_dims_original": [
            1676,
            1678
        ],
        "interpolated_bfw_css_rotation_deg": 0.0
    },
    "331.jpg": {
        "canvas_path": "/home/projects/medimg/supriti/brain-registration/142/142_nissl/331.jpg",
        "stack_path_intermediate": "/home/projects/medimg/supriti/brain-registration/142/142_nissl_reg/331.jpg",
        "status": "success",
        "error_message": null,
        "H_canvas_to_bfw": [
            [
                0.02039405026237554,
                -5.811082244127154e-05,
                98.8401229956305
            ],
            [
                5.827173930259101e-05,
                0.020391339539245875,
                399.6740759896258
            ],
            [
                7.196989077295688e-10,
                -1.2711730101970355e-09,
                1.0
            ]
        ],
        "H_bfw_to_canvas": [
            [
                49.03368337596891,
                0.13942958925923202,
                -4902.221688062366
            ],
            [
                -0.13942697972552673,
                49.03880880262714,
                -19585.759615996947
            ],
            [
                -3.546672418116272e-08,
                6.223646287901737e-08,
                0.9999786312345862
            ]
        ],
        "corners_canvas_overlap": [
            [
                256.0,
                0.0
            ],
            [
                85248.0,
                0.0
            ],
            [
                85248.0,
                85248.0
            ],
            [
                256.0,
                85248.0
            ]
        ],
        "corners_bfw_overlap": [
            [
                104.06098068937519,
                399.6889198604453
            ],
            [
                1837.2793573714382,
                404.6168006677488
            ],
            [
                1832.524373403045,
                2143.0633119692875
            ],
            [
                99.11789090292481,
                2138.241196770271
            ]
        ],
        "bfw_dims_original": [
            1676,
            1678
        ],
        "interpolated_bfw_css_rotation_deg": 0.0
    },
    "736.jpg": {
        "canvas_path": "/home/projects/medimg/supriti/brain-registration/142/142_nissl/736.jpg",
        "stack_path_intermediate": "/home/projects/medimg/supriti/brain-registration/142/142_nissl_reg/736.jpg",
        "status": "success",
        "error_message": null,
        "H_canvas_to_bfw": [
            [
                0.01624711329290836,
                -0.00013783347057153854,
                196.83228503703234
            ],
            [
                0.00013760986460785232,
                0.016246612410921627,
                505.5368316057569
            ],
            [
                5.839912602998952e-10,
                -3.769551986389616e-10,
                1.0
            ]
        ],
        "H_bfw_to_canvas": [
            [
                61.54542030829722,
                0.5218535861433773,
                -12377.941921347738
            ],
            [
                -0.5201692277552311,
                61.54616039618118,
                -31011.464826480136
            ],
            [
                -3.613806806610361e-08,
                2.2895387184143975e-08,
                0.9999955386770188
            ]
        ],
        "corners_canvas_overlap": [
            [
                256.0,
                0.0
            ],
            [
                85248.0,
                0.0
            ],
            [
                85248.0,
                85248.0
            ],
            [
                256.0,
                85248.0
            ]
        ],
        "corners_bfw_overlap": [
            [
                200.99151599054935,
                505.5719841106726
            ],
            [
                1581.7874680634493,
                517.242046661824
            ],
            [
                1570.088412464141,
                1902.2254605681858
            ],
            [
                189.24757098099582,
                1890.623767642148
            ]
        ],
        "bfw_dims_original": [
            1676,
            1678
        ],
        "interpolated_bfw_css_rotation_deg": 0.0
    },
    "1846.jpg": {
        "canvas_path": "/home/projects/medimg/supriti/brain-registration/142/142_nissl/1846.jpg",
        "stack_path_intermediate": "/home/projects/medimg/supriti/brain-registration/142/142_nissl_reg/1846.jpg",
        "status": "success",
        "error_message": null,
        "H_canvas_to_bfw": [
            [
                0.015007244474182186,
                -0.00014401330630187746,
                197.1573164570467
            ],
            [
                0.0001440068095692327,
                0.015008114657133337,
                458.10653550667433
            ],
            [
                1.6942894931906632e-10,
                1.5907294262763847e-10,
                1.0
            ]
        ],
        "H_bfw_to_canvas": [
            [
                66.62849973750949,
                0.6394891690772994,
                -13429.250375546455
            ],
            [
                -0.638976512696052,
                66.62481176285372,
                -30395.282800943
            ],
            [
                -1.1187152831087406e-08,
                -1.0706552837147332e-08,
                1.0000071103708583
            ]
        ],
        "corners_canvas_overlap": [
            [
                192.0078125,
                0.0
            ],
            [
                85247.9921875,
                0.0
            ],
            [
                85247.9921875,
                85247.984375
            ],
            [
                192.0078125,
                85247.984375
            ]
        ],
        "corners_bfw_overlap": [
            [
                200.03881812192193,
                458.1341706855316
            ],
            [
                1476.4734234577766,
                470.3760328578549
            ],
            [
                1464.1769167510836,
                1749.7453292609134
            ],
            [
                187.75942870960176,
                1737.522056696204
            ]
        ],
        "bfw_dims_original": [
            1676,
            1678
        ],
        "interpolated_bfw_css_rotation_deg": 0
    },
    "1258.jpg": {
        "canvas_path": "/home/projects/medimg/supriti/brain-registration/142/142_nissl/1258.jpg",
        "stack_path_intermediate": "/home/projects/medimg/supriti/brain-registration/142/142_nissl_reg/1258.jpg",
        "status": "success",
        "error_message": null,
        "H_canvas_to_bfw": [
            [
                0.014228523331074685,
                -0.00012735639107450125,
                234.8917515014917
            ],
            [
                0.00012862962621911558,
                0.014229303568541476,
                509.11510163830013
            ],
            [
                8.440269069904975e-10,
                7.438737812569688e-10,
                1.0
            ]
        ],
        "H_bfw_to_canvas": [
            [
                70.27666605625262,
                0.6298762617910085,
                -16828.08869667989
            ],
            [
                -0.6331794577991317,
                70.27370376702092,
                -35628.67520398945
            ],
            [
                -5.884439148757571e-08,
                -5.280639825713215e-08,
                1.0000407065969985
            ]
        ],
        "corners_canvas_overlap": [
            [
                320.0078125,
                0.0
            ],
            [
                85247.9921875,
                0.0
            ],
            [
                85247.9921875,
                85247.984375
            ],
            [
                320.0078125,
                85247.984375
            ]
        ],
        "corners_bfw_overlap": [
            [
                239.44492543238982,
                509.15612659430985
            ],
            [
                1447.7405937286376,
                520.0431012955983
            ],
            [
                1436.793463668823,
                1732.8654072133381
            ],
            [
                228.57355801470266,
                1722.066001051839
            ]
        ],
        "bfw_dims_original": [
            1676,
            1678
        ],
        "interpolated_bfw_css_rotation_deg": 0.0
    },
    "58.jpg": {
        "canvas_path": "/home/projects/medimg/supriti/brain-registration/142/142_nissl/58.jpg",
        "stack_path_intermediate": "/home/projects/medimg/supriti/brain-registration/142/142_nissl_reg/58.jpg",
        "status": "success",
        "error_message": null,
        "H_canvas_to_bfw": [
            [
                0.026776163215068902,
                -8.003519719747181e-07,
                -112.82668429200046
            ],
            [
                4.7321763108396475e-09,
                0.026776602517317,
                -94.0294699392752
            ],
            [
                -7.554705438131634e-11,
                -8.003371104366389e-11,
                1.0
            ]
        ],
        "H_bfw_to_canvas": [
            [
                37.34666204053202,
                0.0011288856059592592,
                4213.806195922294
            ],
            [
                3.3076127481746294e-06,
                37.346047931385755,
                3511.629464501947
            ],
            [
                2.821430572857238e-09,
                2.989028092745613e-09,
                1.0000005993893837
            ]
        ],
        "corners_canvas_overlap": [
            [
                -2.6099673637591803e-12,
                0.0
            ],
            [
                85248.0,
                0.0
            ],
            [
                85248.0,
                85248.0
            ],
            [
                0.0,
                85248.0
            ]
        ],
        "corners_bfw_overlap": [
            [
                -112.82668431076402,
                -94.02946993869014
            ],
            [
                2169.801608958987,
                -94.02967208816581
            ],
            [
                2169.748157528034,
                2188.6517395475125
            ],
            [
                -112.89568296975426,
                2188.637191252134
            ]
        ],
        "bfw_dims_original": [
            1676,
            1678
        ],
        "interpolated_bfw_css_rotation_deg": 0
    },
    "2044.jpg": {
        "canvas_path": "/home/projects/medimg/supriti/brain-registration/142/142_nissl/2044.jpg",
        "stack_path_intermediate": "/home/projects/medimg/supriti/brain-registration/142/142_nissl_reg/2044.jpg",
        "status": "success",
        "error_message": null,
        "H_canvas_to_bfw": [
            [
                0.01500776554710417,
                -8.250314269440561e-05,
                196.63193548386798
            ],
            [
                8.266177030262773e-05,
                0.015007810759631032,
                462.77917730027764
            ],
            [
                -1.376032141501243e-10,
                2.4303405541026324e-10,
                0.9999999999999999
            ]
        ],
        "H_bfw_to_canvas": [
            [
                66.63003062575821,
                0.3665033072833539,
                -13271.20198231466
            ],
            [
                -0.3672781245137529,
                66.63044936165198,
                -30762.965930249095
            ],
            [
                9.257767465089601e-09,
                -1.614303628909163e-08,
                1.0000056502883181
            ]
        ],
        "corners_canvas_overlap": [
            [
                256.0,
                0.0
            ],
            [
                85248.0,
                0.0
            ],
            [
                85248.0,
                85248.0
            ],
            [
                256.0,
                85248.0
            ]
        ],
        "corners_bfw_overlap": [
            [
                200.47393052322863,
                462.8003549943239
            ],
            [
                1476.0313014239925,
                469.8314392723768
            ],
            [
                1468.9674788467394,
                1749.1960044942741
            ],
            [
                193.43669476665536,
                1742.1501553133508
            ]
        ],
        "bfw_dims_original": [
            1676,
            1678
        ],
        "interpolated_bfw_css_rotation_deg": 0
    },
    "1864.jpg": {
        "canvas_path": "/home/projects/medimg/supriti/brain-registration/142/142_nissl/1864.jpg",
        "stack_path_intermediate": "/home/projects/medimg/supriti/brain-registration/142/142_nissl_reg/1864.jpg",
        "status": "success",
        "error_message": null,
        "H_canvas_to_bfw": [
            [
                0.015009180488883033,
                -0.00013789742407111367,
                196.702928003668
            ],
            [
                0.00014017683094276424,
                0.015004983997804382,
                459.0632530223312
            ],
            [
                1.8527627924443823e-09,
                -1.6700530494733672e-09,
                1.0
            ]
        ],
        "H_bfw_to_canvas": [
            [
                66.62183748426695,
                0.6107721248500355,
                -13385.093540628854
            ],
            [
                -0.6185744409798817,
                66.63544704864744,
                -30468.20968502042
            ],
            [
                -1.24467513786611e-07,
                1.101531156790304e-07,
                0.999973915876789
            ]
        ],
        "corners_canvas_overlap": [
            [
                256.0078125,
                0.0
            ],
            [
                85247.9921875,
                0.0
            ],
            [
                85247.9921875,
                85247.984375
            ],
            [
                256.0078125,
                85247.984375
            ]
        ],
        "corners_bfw_overlap": [
            [
                200.54530035023993,
                459.0989214142062
            ],
            [
                1475.972284160035,
                470.9386641473442
            ],
            [
                1464.4271923446481,
                1750.1304470234363
            ],
            [
                188.81670962133674,
                1738.49046232955
            ]
        ],
        "bfw_dims_original": [
            1676,
            1678
        ],
        "interpolated_bfw_css_rotation_deg": 0
    },
    "991.jpg": {
        "canvas_path": "/home/projects/medimg/supriti/brain-registration/142/142_nissl/991.jpg",
        "stack_path_intermediate": "/home/projects/medimg/supriti/brain-registration/142/142_nissl_reg/991.jpg",
        "status": "success",
        "error_message": null,
        "H_canvas_to_bfw": [
            [
                0.013633858062430393,
                -0.00011203057335305395,
                258.45301950134365
            ],
            [
                0.00011060021452227212,
                0.01363559465344873,
                576.153745587654
            ],
            [
                -1.361058319923448e-09,
                3.7304914679318476e-10,
                1.0
            ]
        ],
        "H_bfw_to_canvas": [
            [
                73.33999089407067,
                0.6030922881168258,
                -19302.415977507146
            ],
            [
                -0.5990981229320861,
                73.3336984726869,
                -42096.6463339848
            ],
            [
                1.0004349783309e-07,
                -2.6536229870001457e-08,
                0.9999894324041368
            ]
        ],
        "corners_canvas_overlap": [
            [
                256.0,
                0.0
            ],
            [
                85248.0,
                0.0
            ],
            [
                85248.0,
                85184.0
            ],
            [
                256.0,
                85184.0
            ]
        ],
        "corners_bfw_overlap": [
            [
                261.94337843497885,
                576.1822599641807
            ],
            [
                1420.8769954707186,
                585.6501439211133
            ],
            [
                1411.287891949892,
                1747.2639009245154
            ],
            [
                252.3921425172836,
                1737.6619106403248
            ]
        ],
        "bfw_dims_original": [
            1676,
            1678
        ],
        "interpolated_bfw_css_rotation_deg": 0.0
    },
    "469.jpg": {
        "canvas_path": "/home/projects/medimg/supriti/brain-registration/142/142_nissl/469.jpg",
        "stack_path_intermediate": "/home/projects/medimg/supriti/brain-registration/142/142_nissl_reg/469.jpg",
        "status": "success",
        "error_message": null,
        "H_canvas_to_bfw": [
            [
                0.018981227600933372,
                -0.00013463708082525185,
                136.3928479591898
            ],
            [
                0.00013733733517317563,
                0.018985693223283005,
                432.69904249110294
            ],
            [
                -5.339247063169301e-10,
                2.237792987095182e-09,
                1.0
            ]
        ],
        "H_bfw_to_canvas": [
            [
                52.68071549224601,
                0.37445140385747516,
                -7347.297582423822
            ],
            [
                -0.3817384694392937,
                52.67121282470943,
                -22738.716959074463
            ],
            [
                2.8981787217578908e-08,
                -1.1766734182509798e-07,
                1.0000469616376426
            ]
        ],
        "corners_canvas_overlap": [
            [
                0.0,
                85247.984375
            ],
            [
                0.0,
                0.0
            ],
            [
                85247.984375,
                0.0
            ],
            [
                85247.984375,
                85247.984375
            ]
        ],
        "corners_bfw_overlap": [
            [
                124.89148316286688,
                2050.799954256604
            ],
            [
                136.39284793033414,
                432.69904255002797
            ],
            [
                1754.5841364912956,
                444.4270019522448
            ],
            [
                1742.7734909147382,
                2062.5992105014775
            ]
        ],
        "bfw_dims_original": [
            1676,
            1678
        ],
        "interpolated_bfw_css_rotation_deg": 0.0
    },
    "637.jpg": {
        "canvas_path": "/home/projects/medimg/supriti/brain-registration/142/142_nissl/637.jpg",
        "stack_path_intermediate": "/home/projects/medimg/supriti/brain-registration/142/142_nissl_reg/637.jpg",
        "status": "success",
        "error_message": null,
        "H_canvas_to_bfw": [
            [
                0.017256826635314294,
                -0.00012780381434669144,
                175.14572696263568
            ],
            [
                0.00012553465422801595,
                0.017263018125064544,
                479.08221008987215
            ],
            [
                -2.8613887372370637e-09,
                2.2367647648469423e-09,
                1.0
            ]
        ],
        "H_bfw_to_canvas": [
            [
                57.94323446727727,
                0.4303145185067331,
                -10354.665953897691
            ],
            [
                -0.42598410437659523,
                57.92773074204917,
                -27677.535973756378
            ],
            [
                1.6675094473880807e-07,
                -1.2833940991463184e-07,
                1.0000322794127054
            ]
        ],
        "corners_canvas_overlap": [
            [
                128.0,
                0.0
            ],
            [
                85248.0,
                0.0
            ],
            [
                85248.0,
                85248.0
            ],
            [
                128.0,
                85248.0
            ]
        ],
        "corners_bfw_overlap": [
            [
                177.35466573001722,
                479.09845411429575
            ],
            [
                1646.6573812869394,
                489.9032889998485
            ],
            [
                1635.4477202160815,
                1961.5259488705558
            ],
            [
                166.42790818432871,
                1950.3649249508335
            ]
        ],
        "bfw_dims_original": [
            1676,
            1678
        ],
        "interpolated_bfw_css_rotation_deg": 0.0
    },
    "436.jpg": {
        "canvas_path": "/home/projects/medimg/supriti/brain-registration/142/142_nissl/436.jpg",
        "stack_path_intermediate": "/home/projects/medimg/supriti/brain-registration/142/142_nissl_reg/436.jpg",
        "status": "success",
        "error_message": null,
        "H_canvas_to_bfw": [
            [
                0.01931671878982723,
                -0.00014981341155195435,
                127.61995775360867
            ],
            [
                0.0001493675873723692,
                0.019317870127790758,
                422.4848236855223
            ],
            [
                -7.442210584096646e-10,
                -1.7108847643578152e-10,
                1.0
            ]
        ],
        "H_bfw_to_canvas": [
            [
                51.7652616734373,
                0.4013885137511363,
                -6775.86106333011
            ],
            [
                -0.40109491082439447,
                51.76223730945321,
                -21817.571987677908
            ],
            [
                3.8456175114259666e-08,
                9.15464410271907e-09,
                0.999991224526357
            ]
        ],
        "corners_canvas_overlap": [
            [
                64.0,
                85247.984375
            ],
            [
                64.0,
                0.0
            ],
            [
                85247.984375,
                0.0
            ],
            [
                85247.984375,
                85247.984375
            ]
        ],
        "corners_bfw_overlap": [
            [
                116.08663484848728,
                2069.3341456064218
            ],
