{
    "652.jpg": {
        "canvas_path": "/home/projects/medimg/supriti/brain-registration/142/142_nissl/652.jpg",
        "stack_path_intermediate": "/home/projects/medimg/supriti/brain-registration/142/142_nissl_reg/652.jpg",
        "status": "success",
        "error_message": null,
        "H_canvas_to_bfw": [
            [
                -0.00012731748357494804,
                -0.017173848700605454,
                1927.8257731399983
            ],
            [
                0.01717310995364266,
                -0.00012564418971445652,
                158.52289232628152
            ],
            [
                5.320071305782847e-10,
                6.712343989568618e-10,
                1.0
            ]
        ],
        "H_bfw_to_canvas": [
            [
                -0.4263233455285771,
                58.227670916209476,
                -8408.541673859168
            ],
            [
                -58.220493444118404,
                -0.4351125314231702,
                112307.94308346839
            ],
            [
                3.930640498368792e-08,
                -3.068547362588082e-08,
                0.9999290884494546
            ]
        ],
        "corners_canvas_overlap": [
            [
                128.0,
                0.0
            ],
            [
                85248.0,
                0.0
            ],
            [
                85248.0,
                85248.0
            ],
            [
                128.0,
                85248.0
            ]
        ],
        "corners_bfw_overlap": [
            [
                1927.8093451143773,
                160.7210394446575
            ],
            [
                1916.8852765531497,
                1622.4225442639188
            ],
            [
                452.8894791237308,
                1611.6199282101793
            ],
            [
                463.7466676378342,
                150.00154057601785
            ]
        ],
        "bfw_dims_original": [
            2076,
            3088
        ],
        "interpolated_bfw_css_rotation_deg": -90.0
    },
    "709.jpg": {
        "canvas_path": "/home/projects/medimg/supriti/brain-registration/142/142_nissl/709.jpg",
        "stack_path_intermediate": "/home/projects/medimg/supriti/brain-registration/142/142_nissl_reg/709.jpg",
        "status": "success",
        "error_message": null,
        "H_canvas_to_bfw": [
            [
                -0.00013929961382096265,
                -0.016559271109344686,
                1931.7105204307386
            ],
            [
                0.016555982776953783,
                -0.0001393816023352753,
                229.61663132115942
            ],
            [
                -1.0225508608300704e-09,
                -5.851715360906595e-10,
                1.0
            ]
        ],
        "H_bfw_to_canvas": [
            [
                -0.5079063010057319,
                60.39605651321001,
                -12886.811096599818
            ],
            [
                -60.389041775147746,
                -0.5008925114481051,
                116769.16056691697
            ],
            [
                -3.585730836392063e-08,
                6.146493153798407e-08,
                1.0000551525692767
            ]
        ],
        "corners_canvas_overlap": [
            [
                64.0,
                0.0
            ],
            [
                85248.0,
                0.0
            ],
            [
                85248.0,
                85248.0
            ],
            [
                64.0,
                85248.0
            ]
        ],
        "corners_bfw_overlap": [
            [
                1931.7017316825606,
                230.6762293392711
            ],
            [
                1920.0028749045073,
                1641.1241617472933
            ],
            [
                508.2603630095714,
                1629.3222912154677
            ],
            [
                520.0828038973098,
                218.80514114962597
            ]
        ],
        "bfw_dims_original": [
            2076,
            3088
        ],
        "interpolated_bfw_css_rotation_deg": -90.0
    },
    "1309.jpg": {
        "canvas_path": "/home/projects/medimg/supriti/brain-registration/142/142_nissl/1309.jpg",
        "stack_path_intermediate": "/home/projects/medimg/supriti/brain-registration/142/142_nissl_reg/1309.jpg",
        "status": "success",
        "error_message": null,
        "H_canvas_to_bfw": [
            [
                0.0014477669184044988,
                -0.017092158166612834,
                1961.508149734481
            ],
            [
                0.017093276918451476,
                0.001448059456766313,
                185.25124856930893
            ],
            [
                6.770228044764465e-10,
                5.137926091525514e-10,
                1.0
            ]
        ],
        "H_bfw_to_canvas": [
            [
                4.920521886833552,
                58.0865831338556,
                -20412.255832642608
            ],
            [
                -58.086533941452956,
                4.915338412593361,
                113026.6371379149
            ],
            [
                2.6513126303095557e-08,
                -4.185140596361127e-08,
                0.9999557473118907
            ]
        ],
        "corners_canvas_overlap": [
            [
                256.0,
                85247.984375
            ],
            [
                256.0,
                0.0
            ],
            [
                85247.984375,
                0.0
            ],
            [
                85247.984375,
                85247.984375
            ]
        ],
        "corners_bfw_overlap": [
            [
                504.7844939380486,
                313.05751662502104
            ],
            [
                1961.8784380258724,
                189.62709459660172
            ],
            [
                2084.8070326380466,
                1642.323815645968
            ],
            [
                627.7915637614249,
                1765.6835191135362
            ]
        ],
        "bfw_dims_original": [
            2076,
            3088
        ],
        "interpolated_bfw_css_rotation_deg": -84.6875
    },
    "1207.jpg": {
        "canvas_path": "/home/projects/medimg/supriti/brain-registration/142/142_nissl/1207.jpg",
        "stack_path_intermediate": "/home/projects/medimg/supriti/brain-registration/142/142_nissl_reg/1207.jpg",
        "status": "success",
        "error_message": null,
        "H_canvas_to_bfw": [
            [
                0.003466970529635365,
                -0.01409469658296048,
                1757.4870209923638
            ],
            [
                0.014093341882179512,
                0.0034666408657650118,
                431.761810446012
            ],
            [
                -3.063555126153297e-10,
                -8.330812758360744e-10,
                1.0
            ]
        ],
        "H_bfw_to_canvas": [
            [
                16.459015881643598,
                66.90530701234022,
                -57813.66327439007
            ],
            [
                -66.90645444985795,
                16.46142936558211,
                110479.80877082923
            ],
            [
                -5.069620418719108e-08,
                3.421051820441606e-08,
                1.0000743271255963
            ]
        ],
        "corners_canvas_overlap": [
            [
                320.0078125,
                0.0
            ],
            [
                85247.9921875,
                0.0
            ],
            [
                85247.9921875,
                85247.984375
            ],
            [
                320.0078125,
                85247.984375
            ]
        ],
        "corners_bfw_overlap": [
            [
                1758.5966510306537,
                436.27183272199505
            ],
            [
                2053.092908881595,
                1633.233533800139
            ],
            [
                851.5775337988767,
                1928.902374568888
            ],
            [
                557.091630214496,
                731.847980568851
            ]
        ],
        "bfw_dims_original": [
            2076,
            3088
        ],
        "interpolated_bfw_css_rotation_deg": -75.703125
    },
    "148.jpg": {
        "canvas_path": "/home/projects/medimg/supriti/brain-registration/142/142_nissl/148.jpg",
        "stack_path_intermediate": "/home/projects/medimg/supriti/brain-registration/142/142_nissl_reg/148.jpg",
        "status": "success",
        "error_message": null,
        "H_canvas_to_bfw": [
            [
                -2.9235625875302137e-05,
                -0.02562455423253948,
                2027.4009006320193
            ],
            [
                0.025624624538990774,
                -2.8817070690968316e-05,
                -492.8710526062837
            ],
            [
                -3.6116578255487153e-10,
                -2.157263788755641e-10,
                1.0
            ]
        ],
        "H_bfw_to_canvas": [
            [
                -0.04404994169676408,
                39.02518414295422,
                19323.690478160705
            ],
            [
                -39.025686213954195,
                -0.04341029050904909,
                79099.31570237617
            ],
            [
                -8.434779301734768e-09,
                1.4085196425560569e-08,
                1.0000240428647416
            ]
        ],
        "corners_canvas_overlap": [
            [
                192.0,
                85247.984375
            ],
            [
                192.0,
                0.0
            ],
            [
                85247.984375,
                0.0
            ],
            [
                85247.984375,
                85247.984375
            ]
        ],
        "corners_bfw_overlap": [
            [
                -157.04920410156183,
                -490.41677483558607
            ],
            [
                2027.3954279947286,
                -487.9511585164066
            ],
            [
                2024.970968625546,
                1691.628681640625
            ],
            [
                -159.540834960937,
                1689.2031152343752
            ]
        ],
        "bfw_dims_original": [
            2076,
            3088
        ],
        "interpolated_bfw_css_rotation_deg": -90
    },
    "1837.jpg": {
        "canvas_path": "/home/projects/medimg/supriti/brain-registration/142/142_nissl/1837.jpg",
        "stack_path_intermediate": "/home/projects/medimg/supriti/brain-registration/142/142_nissl_reg/1837.jpg",
        "status": "success",
        "error_message": null,
        "H_canvas_to_bfw": [
            [
                -0.00015046303558205741,
                -0.015709719319946473,
                1998.439681508825
            ],
            [
                0.015709643696437785,
                -0.00015202616382926915,
                131.91893262546128
            ],
            [
                4.694166736741437e-10,
                -8.988295339459788e-10,
                0.9999999999999999
            ]
        ],
        "H_bfw_to_canvas": [
            [
                -0.6155390547938501,
                63.649486105487455,
                -7166.454596576568
            ],
            [
                -63.65620729460124,
                -0.6134868686656183,
                127294.02116477674
            ],
            [
                -5.69271348397572e-08,
                -3.0429550164951246e-08,
                1.0001177796789966
            ]
        ],
        "corners_canvas_overlap": [
            [
                192.0078125,
                0.0
            ],
            [
                85247.9921875,
                0.0
            ],
            [
                85247.9921875,
                85247.984375
            ],
            [
                192.0078125,
                85247.984375
            ]
        ],
        "corners_bfw_overlap": [
            [
                1998.4106115749357,
                134.93529478761573
            ],
            [
                1985.5335551956177,
                1471.0756885986332
            ],
            [
                646.4147687499999,
                1458.227997167969
            ],
            [
                659.2393870361327,
                121.98471861839322
            ]
        ],
        "bfw_dims_original": [
            2076,
            3088
        ],
        "interpolated_bfw_css_rotation_deg": -90
    },
    "1723.jpg": {
        "canvas_path": "/home/projects/medimg/supriti/brain-registration/142/142_nissl/1723.jpg",
        "stack_path_intermediate": "/home/projects/medimg/supriti/brain-registration/142/142_nissl_reg/1723.jpg",
        "status": "success",
        "error_message": null,
        "H_canvas_to_bfw": [
            [
                -0.00014146126999278419,
                -0.015709512461802588,
                1995.3229003410006
            ],
            [
                0.015708355579219645,
                -0.00014285030935516838,
                129.39783110212048
            ],
            [
                4.400565836256664e-10,
                -7.189267919928456e-10,
                1.0
            ]
        ],
        "H_bfw_to_canvas": [
            [
                -0.578509252361779,
                63.65537595762859,
                -7082.554827610596
            ],
            [
                -63.65627018454878,
                -0.576815525203833,
                127089.45232743165
            ],
            [
                -4.550962130881732e-08,
                -2.8426655408427885e-08,
                1.0000944847371387
            ]
        ],
        "corners_canvas_overlap": [
            [
                320.0,
                0.0
            ],
            [
                85248.0,
                0.0
            ],
            [
                85248.0,
                85248.0
            ],
            [
                320.0,
                85248.0
            ]
        ],
        "corners_bfw_overlap": [
            [
                1995.2773516099928,
                134.42448598175068
            ],
            [
                1983.18921287117,
                1468.4486638183596
            ],
            [
                644.0744400634765,
                1456.3606679443362
            ],
            [
                656.1132214111326,
                122.25427668914823
            ]
        ],
        "bfw_dims_original": [
            2076,
            3088
        ],
        "interpolated_bfw_css_rotation_deg": -90
    },
    "664.jpg": {
        "canvas_path": "/home/projects/medimg/supriti/brain-registration/142/142_nissl/664.jpg",
        "stack_path_intermediate": "/home/projects/medimg/supriti/brain-registration/142/142_nissl_reg/664.jpg",
        "status": "success",
        "error_message": null,
        "H_canvas_to_bfw": [
            [
                -0.00013036152240226726,
                -0.017042261673742547,
                1928.6269629270794
            ],
            [
                0.017042825221240343,
                -0.00012939549695959877,
                173.68125821700502
            ],
            [
                -7.339919336867425e-10,
                9.096426309026193e-10,
                1.0
            ]
        ],
        "H_bfw_to_canvas": [
            [
                -0.44597175205918166,
                58.671904525621926,
                -9330.09705427284
            ],
            [
                -58.66824413350763,
                -0.44388030556261265,
                113226.25119343912
            ],
            [
                5.303979627537746e-08,
                4.3468477104803015e-08,
                0.9998901563589989
            ]
        ],
        "corners_canvas_overlap": [
            [
                128.0,
                85247.984375
            ],
            [
                128.0,
                0.0
            ],
            [
                85247.984375,
                0.0
            ],
            [
                85247.984375,
                85247.984375
            ]
        ],
        "corners_bfw_overlap": [
            [
                475.7550327151323,
                164.81926934127432
            ],
            [
                1928.6104577442813,
                175.86275636634917
            ],
            [
                1917.6338949268513,
                1626.6495875532858
            ],
            [
                464.6884337855679,
                1615.4928215840528
            ]
        ],
        "bfw_dims_original": [
            2076,
            3088
        ],
        "interpolated_bfw_css_rotation_deg": -90.0
    },
    "331.jpg": {
        "canvas_path": "/home/projects/medimg/supriti/brain-registration/142/142_nissl/331.jpg",
        "stack_path_intermediate": "/home/projects/medimg/supriti/brain-registration/142/142_nissl_reg/331.jpg",
        "status": "success",
        "error_message": null,
        "H_canvas_to_bfw": [
            [
                -6.411903250667643e-05,
                -0.020631565215185343,
                1908.8466337583768
            ],
            [
                0.02063112208376939,
                -6.51876550274844e-05,
                -240.37319324598914
            ],
            [
                7.196989077295688e-10,
                -1.2711730101970355e-09,
                1.0
            ]
        ],
        "H_bfw_to_canvas": [
            [
                -0.15388075871290283,
                48.46956616305064,
                11944.519162129536
            ],
            [
                -48.47463262890249,
                -0.15387985742070193,
                92493.65072365005
            ],
            [
                -6.150889686311113e-08,
                -3.5079101747239776e-08,
                1.00010897897502
            ]
        ],
        "corners_canvas_overlap": [
            [
                256.0,
                0.0
            ],
            [
                85248.0,
                0.0
            ],
            [
                85248.0,
                85248.0
            ],
            [
                256.0,
                85248.0
            ]
        ],
        "corners_bfw_overlap": [
            [
                1908.8298676528893,
                -235.09158267950136
            ],
            [
                1903.2638438911981,
                1518.2955098763848
            ],
            [
                144.58771624653878,
                1512.9026431171283
            ],
            [
                150.0468065838545,
                -240.67477978407032
            ]
        ],
        "bfw_dims_original": [
            2076,
            3088
        ],
        "interpolated_bfw_css_rotation_deg": -90.0
    },
    "736.jpg": {
        "canvas_path": "/home/projects/medimg/supriti/brain-registration/142/142_nissl/736.jpg",
        "stack_path_intermediate": "/home/projects/medimg/supriti/brain-registration/142/142_nissl_reg/736.jpg",
        "status": "success",
        "error_message": null,
        "H_canvas_to_bfw": [
            [
                -0.00013196587358059195,
                -0.016268584634750536,
                1932.363557758461
            ],
            [
                0.016268203903805442,
                -0.0001336378539017355,
                260.58997640054173
            ],
            [
                5.839912602998952e-10,
                -3.769551986389616e-10,
                1.0
            ]
        ],
        "H_bfw_to_canvas": [
            [
                -0.5045626636801241,
                61.46604785088862,
                -15042.437454996623
            ],
            [
                -61.46678652785729,
                -0.5028802815747427,
                118907.22385965801
            ],
            [
                -2.2875564539444267e-08,
                -3.608519808652673e-08,
                1.000053607348197
            ]
        ],
        "corners_canvas_overlap": [
            [
                256.0,
                0.0
            ],
            [
                85248.0,
                0.0
            ],
            [
                85248.0,
                85248.0
            ],
            [
                256.0,
                85248.0
            ]
        ],
        "corners_bfw_overlap": [
            [
                1932.3294856447285,
                264.7545970177444
            ],
            [
                1921.0180950994657,
                1647.3398283820682
            ],
            [
                534.2399773874126,
                1636.0005407891786
            ],
            [
                545.4828977173258,
                253.37038045516047
            ]
        ],
        "bfw_dims_original": [
            2076,
            3088
        ],
        "interpolated_bfw_css_rotation_deg": -90.0
    },
    "1846.jpg": {
        "canvas_path": "/home/projects/medimg/supriti/brain-registration/142/142_nissl/1846.jpg",
        "stack_path_intermediate": "/home/projects/medimg/supriti/brain-registration/142/142_nissl_reg/1846.jpg",
        "status": "success",
        "error_message": null,
        "H_canvas_to_bfw": [
            [
                -0.000153060390176929,
                -0.015709270471099927,
                1998.9376640828511
            ],
            [
                0.015708741191247464,
                -0.0001534991848762526,
                131.44088324256455
            ],
            [
                1.6942894931906632e-10,
                1.5907294262763847e-10,
                1.0
            ]
        ],
        "H_bfw_to_canvas": [
            [
                -0.622039849017974,
                63.652840481309596,
                -7123.166690998963
            ],
            [
                -63.649317292865426,
                -0.6215494723573355,
                127312.71464149424
            ],
            [
                1.0230275756070044e-08,
                -1.0685762180365876e-08,
                0.9999809548624964
            ]
        ],
        "corners_canvas_overlap": [
            [
                192.0078125,
                0.0
            ],
            [
                85247.9921875,
                0.0
            ],
            [
                85247.9921875,
                85247.984375
            ],
            [
                192.0078125,
                85247.984375
            ]
        ],
        "corners_bfw_overlap": [
            [
                1998.9082106304168,
                134.45707989060898
            ],
            [
                1985.8608905718804,
                1470.5582610595707
            ],
            [
                646.6878418701169,
                1457.4532058837895
            ],
            [
                659.7157001953124,
                121.36993878612546
            ]
        ],
        "bfw_dims_original": [
            2076,
            3088
        ],
        "interpolated_bfw_css_rotation_deg": -90
    },
    "1258.jpg": {
        "canvas_path": "/home/projects/medimg/supriti/brain-registration/142/142_nissl/1258.jpg",
        "stack_path_intermediate": "/home/projects/medimg/supriti/brain-registration/142/142_nissl_reg/1258.jpg",
        "status": "success",
        "error_message": null,
        "H_canvas_to_bfw": [
            [
                0.0027665035982670358,
                -0.015498660902397939,
                1830.9977500022485
            ],
            [
                0.01549976816688738,
                0.002766037940419009,
                309.1971476671995
            ],
            [
                8.440269069904975e-10,
                7.438737812569688e-10,
                1.0
            ]
        ],
        "H_bfw_to_canvas": [
            [
                11.157397490788938,
                62.52781138115861,
                -39762.590630442166
            ],
            [
                -62.525730872396366,
                11.15396956041044,
                111035.6969713582
            ],
            [
                3.709410815569096e-08,
                -6.107230075385217e-08,
                0.9999509641526232
            ]
        ],
        "corners_canvas_overlap": [
            [
                320.0078125,
                0.0
            ],
            [
                85247.9921875,
                0.0
            ],
            [
                85247.9921875,
                85247.984375
            ],
            [
                320.0078125,
                85247.984375
            ]
        ],
        "corners_bfw_overlap": [
            [
                1831.8825579891554,
                314.1571096940201
            ],
            [
                2066.6879179875264,
                1630.4039136774609
            ],
            [
                745.5061052594183,
                1866.0678605436563
            ],
            [
                510.6209794112824,
                549.9213236637386
            ]
        ],
        "bfw_dims_original": [
            2076,
            3088
        ],
        "interpolated_bfw_css_rotation_deg": -79.375
    },
    "58.jpg": {
        "canvas_path": "/home/projects/medimg/supriti/brain-registration/142/142_nissl/58.jpg",
        "stack_path_intermediate": "/home/projects/medimg/supriti/brain-registration/142/142_nissl_reg/58.jpg",
        "status": "success",
        "error_message": null,
        "H_canvas_to_bfw": [
            [
                -4.6231233648687215e-06,
                -0.0256251927134903,
                2025.9529681569695
            ],
            [
                0.025624646065973422,
                -5.208077663744395e-06,
                -486.13611047379555
            ],
            [
                -7.554705438131634e-11,
                -8.003371104366389e-11,
                1.0
            ]
        ],
        "H_bfw_to_canvas": [
            [
                -0.007990761288744172,
                39.024983796599244,
                18987.642740732415
            ],
            [
                -39.02434229648202,
                -0.006807576430454434,
                79058.17269720367
            ],
            [
                -3.1238666135033025e-09,
                2.9476777375067297e-09,
                1.000007761779428
            ]
        ],
        "corners_canvas_overlap": [
            [
                -2.6099673637591803e-12,
                0.0
            ],
            [
                85248.0,
                0.0
            ],
            [
                85248.0,
                85248.0
            ],
            [
                0.0,
                85248.0
            ]
        ],
        "corners_bfw_overlap": [
            [
                2025.9529681564127,
                -486.1361104917523
            ],
            [
                2025.5719012880331,
                1698.3246142578128
            ],
            [
                -158.93964843749927,
                1697.892192382813
            ],
            [
                -158.54446289062435,
                -486.58340850114774
            ]
        ],
        "bfw_dims_original": [
            2076,
            3088
        ],
        "interpolated_bfw_css_rotation_deg": -90
    },
    "2044.jpg": {
        "canvas_path": "/home/projects/medimg/supriti/brain-registration/142/142_nissl/2044.jpg",
        "stack_path_intermediate": "/home/projects/medimg/supriti/brain-registration/142/142_nissl_reg/2044.jpg",
        "status": "success",
        "error_message": null,
        "H_canvas_to_bfw": [
            [
                -8.960875975943959e-05,
                -0.015708755507654857,
                1994.0466887613532
            ],
            [
                0.015709320810816687,
                -8.911986713320838e-05,
                130.89008891035604
            ],
            [
                -1.376032141501243e-10,
                2.4303405541026324e-10,
                0.9999999999999999
            ]
        ],
        "H_bfw_to_canvas": [
            [
                -0.3612454789929852,
                63.65434851908853,
                -7611.382985978317
            ],
            [
                -63.65474842552413,
                -0.3619857635910327,
                126977.92067063409
            ],
            [
                1.5420563116968566e-08,
                8.847017818985096e-09,
                0.9999680926902289
            ]
        ],
        "corners_canvas_overlap": [
            [
                256.0,
                0.0
            ],
            [
                85248.0,
                0.0
            ],
            [
                85248.0,
                85248.0
            ],
            [
                256.0,
                85248.0
            ]
        ],
        "corners_bfw_overlap": [
            [
                1994.0238191841602,
                134.91167978758236
            ],
            [
                1986.4310227572441,
                1470.0955708740237
            ],
            [
                647.2619704345702,
                1462.4678102050784
            ],
            [
                654.8702171142577,
                127.31175147676495
            ]
        ],
        "bfw_dims_original": [
            2076,
            3088
        ],
        "interpolated_bfw_css_rotation_deg": -90
    },
    "1864.jpg": {
        "canvas_path": "/home/projects/medimg/supriti/brain-registration/142/142_nissl/1864.jpg",
        "stack_path_intermediate": "/home/projects/medimg/supriti/brain-registration/142/142_nissl_reg/1864.jpg",
        "status": "success",
        "error_message": null,
        "H_canvas_to_bfw": [
            [
                -0.0001448795926105752,
                -0.015710528061594863,
                1997.9363064133097
            ],
            [
                0.01571064241140075,
                -0.00014695992626813844,
                130.96507894848898
            ],
            [
                1.8527627924443823e-09,
                -1.6700530494733672e-09,
                1.0
            ]
        ],
        "H_bfw_to_canvas": [
            [
                -0.5946041643026284,
                63.646480544917075,
                -7147.485101553765
            ],
            [
                -63.65948102076438,
                -0.6020603071518633,
                127266.43725447207
            ],
            [
                -1.052130499347671e-07,
                -1.1892730367558345e-07,
                1.0002257842960882
            ]
        ],
        "corners_canvas_overlap": [
            [
                256.0078125,
                0.0
            ],
            [
                85247.9921875,
                0.0
            ],
            [
                85247.9921875,
                85247.984375
            ],
            [
                256.0078125,
                85247.984375
            ]
        ],
        "corners_bfw_overlap": [
            [
                1997.8982686803818,
                134.98706212337632
            ],
            [
                1985.2720498095512,
                1470.033592480469
            ],
            [
                646.284675488281,
                1457.7151106201175
            ],
            [
                658.7018318603514,
                122.4764669288638
            ]
        ],
        "bfw_dims_original": [
            2076,
            3088
        ],
        "interpolated_bfw_css_rotation_deg": -90
    },
    "991.jpg": {
        "canvas_path": "/home/projects/medimg/supriti/brain-registration/142/142_nissl/991.jpg",
        "stack_path_intermediate": "/home/projects/medimg/supriti/brain-registration/142/142_nissl_reg/991.jpg",
        "status": "success",
        "error_message": null,
        "H_canvas_to_bfw": [
            [
                -0.00010431310159866752,
                -0.013519545991166783,
                1943.3359495019697
            ],
            [
                0.013518326431626012,
                -0.0001021887833567223,
                576.0487674898731
            ],
            [
                -1.361058319923448e-09,
                3.7304914679318476e-10,
                1.0
            ]
        ],
        "H_bfw_to_canvas": [
            [
                -0.5602183193654315,
                73.96515074422396,
                -41518.84152382046
            ],
            [
                -73.95880210452123,
                -0.5561942481803058,
                144047.19392296724
            ],
            [
                2.6827778218391794e-08,
                1.0087837159455296e-07,
                0.9998897537525194
            ]
        ],
        "corners_canvas_overlap": [
            [
                256.0,
                0.0
            ],
            [
                85248.0,
                0.0
            ],
            [
                85248.0,
                85184.0
            ],
            [
                256.0,
                85184.0
            ]
        ],
        "corners_bfw_overlap": [
            [
                1943.3099224950338,
                579.5096609759089
            ],
            [
                1934.6679411635382,
                1728.6596143870802
            ],
            [
                782.8604094733719,
                1719.8991624797059
            ],
            [
                791.6353886803647,
                570.7866704810441
            ]
        ],
        "bfw_dims_original": [
            2076,
            3088
        ],
        "interpolated_bfw_css_rotation_deg": -90.0
    },
    "469.jpg": {
        "canvas_path": "/home/projects/medimg/supriti/brain-registration/142/142_nissl/469.jpg",
        "stack_path_intermediate": "/home/projects/medimg/supriti/brain-registration/142/142_nissl_reg/469.jpg",
        "status": "success",
        "error_message": null,
        "H_canvas_to_bfw": [
            [
                -0.00014219657213445744,
                -0.019144071222115033,
                1919.9103304556143
            ],
            [
                0.019144948192501232,
                -0.0001386697943963122,
                -65.5002881829395
            ],
            [
                -5.339247063169301e-10,
                2.237792987095182e-09,
                1.0
            ]
        ],
        "H_bfw_to_canvas": [
            [
                -0.37784549507196885,
                52.23040958636129,
                4146.53634912442
            ],
            [
                -52.220987225389564,
                -0.3850690889931774,
                100234.39070431668
            ],
            [
                1.1665801794717435e-07,
                2.874881100610699e-08,
                0.9997779101216184
            ]
        ],
        "corners_canvas_overlap": [
            [
                0.0,
                85247.984375
            ],
            [
                0.0,
                0.0
            ],
            [
                85247.984375,
                0.0
            ],
            [
                85247.984375,
                85247.984375
            ]
        ],
        "corners_bfw_overlap": [
            [
                287.8618727191888,
                -77.30686084803034
            ],
            [
                1919.910330396185,
                -65.50028821205142
            ],
            [
                1907.8751982332044,
                1566.6392965666103
            ],
            [
                275.7548684773142,
                1554.5207678541171
            ]
        ],
        "bfw_dims_original": [
            2076,
            3088
        ],
        "interpolated_bfw_css_rotation_deg": -90.0
    },
    "637.jpg": {
        "canvas_path": "/home/projects/medimg/supriti/brain-registration/142/142_nissl/637.jpg",
        "stack_path_intermediate": "/home/projects/medimg/supriti/brain-registration/142/142_nissl_reg/637.jpg",
        "status": "success",
        "error_message": null,
        "H_canvas_to_bfw": [
            [
                -0.0001308264764449899,
                -0.01733155165714991,
                1927.1769675514668
            ],
            [
                0.017330821923506927,
                -0.00012629308797286337,
                140.3887216860491
            ],
            [
                -2.8613887372370637e-09,
                2.2367647648469423e-09,
                1.0
            ]
        ],
        "H_bfw_to_canvas": [
            [
                -0.4213669508299018,
                57.69628382673751,
                -7287.858849944373
            ],
            [
                -57.680845659996244,
                -0.41705689987790057,
                111219.74730987994
            ],
            [
                1.2781278853150566e-07,
                1.6602435490084288e-07,
                0.9997303741908302
            ]
        ],
        "corners_canvas_overlap": [
            [
                128.0,
                0.0
            ],
            [
                85248.0,
                0.0
            ],
            [
                85248.0,
                85248.0
            ],
            [
                128.0,
                85248.0
            ]
        ],
        "corners_bfw_overlap": [
            [
                1927.1609274844736,
                142.60711912377735
            ],
            [
                1916.491757716015,
                1618.2013852705395
            ],
            [
                438.567565248459,
                1607.125943464299
            ],
            [
                449.5944839550084,
                131.81574787581056
            ]
        ],
        "bfw_dims_original": [
            2076,
            3088
        ],
        "interpolated_bfw_css_rotation_deg": -90.0
    },
    "436.jpg": {
        "canvas_path": "/home/projects/medimg/supriti/brain-registration/142/142_nissl/436.jpg",
        "stack_path_intermediate": "/home/projects/medimg/supriti/brain-registration/142/142_nissl_reg/436.jpg",
        "status": "success",
        "error_message": null,
        "H_canvas_to_bfw": [
            [
                -0.00015593249665865676,
                -0.019499489048476853,
                1919.6028001099482
            ],
            [
                0.01949810112608386,
                -0.00015459635831427233,
                -107.10806377090958
            ],
            [
                -7.442210584096646e-10,
                -1.7108847643578152e-10,
                1.0
            ]
        ],
        "H_bfw_to_canvas": [
            [
                -0.40664645285945067,
                51.2840328928817,
                6273.533135083977
            ],
            [
                -51.28103669140081,
                -0.4063550538074259,
                98395.69772233715
            ],
            [
                -9.076229291124772e-09,
                3.809713457200858e-08,
                1.0000215032654811
            ]
        ],
        "corners_canvas_overlap": [
            [
                64.0,
                85247.984375
            ],
            [
                64.0,
                0.0
            ],
            [
                85247.984375,
                0.0
            ],
            [
                85247.984375,
                85247.984375
            ]
        ],
        "corners_bfw_overlap": [
