{
    "1.jpg": {
        "canvas_path": "D:\\222_canvass\\1.jpg",
        "stack_path_intermediate": "nissl_slices_222\\1.jpg",
        "status": "success",
        "error_message": null,
        "H_canvas_to_bfw": [
            [
                0.08883783649847089,
                -0.11447231930001632,
                1756.7464425497394
            ],
            [
                0.04943543635315602,
                -0.06370082249012196,
                979.2472978004782
            ],
            [
                5.044259037003915e-05,
                -6.502914779306231e-05,
                1.0
            ]
        ],
        "H_bfw_to_canvas": [
            [
                -4714.931379345802,
                51716.97597389505,
                -42360770.045317106
            ],
            [
                -8819.64518246986,
                49582.45327670382,
                -33059603.09067581
            ],
            [
                -0.3357006578620188,
                0.6155664478450348,
                -12.050844208180706
            ]
        ],
        "corners_canvas_overlap": [
            [
                -1.9535566740669363e-12,
                0.0
            ],
            [
                79552.0,
                0.0
            ],
            [
                79552.0,
                63808.0
            ],
            [
                0.0,
                63808.0
            ]
        ],
        "corners_bfw_overlap": [
            [
                1756.7464558243175,
                979.247297556639
            ],
            [
                1760.2853414986525,
                979.876848300339
            ],
            [
                1760.103149584293,
                981.3348597784056
            ],
            [
                1761.4589590056694,
                979.6768964748442
            ]
        ],
        "bfw_dims_original": [
            2076,
            3088
        ],
        "interpolated_bfw_css_rotation_deg": 64
    },
    "10.jpg": {
        "canvas_path": "D:\\222_canvass\\10.jpg",
        "stack_path_intermediate": "nissl_slices_222\\10.jpg",
        "status": "success",
        "error_message": null,
        "H_canvas_to_bfw": [
            [
                -0.05435557223174295,
                -0.015472943035089474,
                1829.9616706162224
            ],
            [
                -0.03341696080811466,
                -0.010822884780394101,
                1186.7158095120876
            ],
            [
                -3.0216673055192404e-05,
                -9.491886333555698e-06,
                1.0
            ]
        ],
        "H_bfw_to_canvas": [
            [
                -104.65203721938644,
                449.84058148841297,
                -342323.71294903033
            ],
            [
                579.040430460111,
                -222.87099033344538,
                -795137.2657688078
            ],
            [
                0.00233394955524251,
                0.01147721967050096,
                -16.89123625947218
            ]
        ],
        "corners_canvas_overlap": [
            [
                0.0,
                103743.984375
            ],
            [
                0.0,
                0.0
            ],
            [
                94527.984375,
                0.0
            ],
            [
                94527.984375,
                103743.984375
            ]
        ],
        "corners_bfw_overlap": [
            [
                14713.794568774409,
                4184.04292936604
            ],
            [
                1829.9616500218183,
                1186.7157901799792
            ],
            [
                1782.105941296694,
                1062.3819783441577
            ],
            [
                1729.4276402326877,
                1089.3628600420263
            ]
        ],
        "bfw_dims_original": [
            2076,
            3088
        ],
        "interpolated_bfw_css_rotation_deg": 64
    },
    "1000.jpg": {
        "canvas_path": "D:\\222_canvass\\1000.jpg",
        "stack_path_intermediate": "nissl_slices_222\\1000.jpg",
        "status": "success",
        "error_message": null,
        "H_canvas_to_bfw": [
            [
                0.013304509559227604,
                0.0011472764791753871,
                1094.0391126806671
            ],
            [
                -0.0011306528124623732,
                0.013328230601263749,
                233.4423907025507
            ],
            [
                -1.1818771578398267e-08,
                1.4090483243116646e-08,
                1.0
            ]
        ],
        "H_bfw_to_canvas": [
            [
                74.55316664083213,
                -6.332772161823627,
                -80085.74280603924
            ],
            [
                6.310576038061281,
                74.5111955264309,
                -24298.08862697969
            ],
            [
                7.922077810555409e-07,
                -1.1247443396283955e-06,
                0.9993958567097273
            ]
        ],
        "corners_canvas_overlap": [
            [
                -2.6413183706192056e-12,
                0.0
            ],
            [
                72704.0,
                0.0
            ],
            [
                72704.0,
                86272.0
            ],
            [
                0.0,
                86272.0
            ]
        ],
        "corners_bfw_overlap": [
            [
                1094.0391258510735,
                233.44236331787215
            ],
            [
                2063.102965190714,
                151.36944881060094
            ],
            [
                2159.5384850167393,
                1300.6290447127935
            ],
            [
                1191.5684418986764,
                1381.6159671766204
            ]
        ],
        "bfw_dims_original": [
            2076,
            3088
        ],
        "interpolated_bfw_css_rotation_deg": 61.326530612244895
    },
    "1003.jpg": {
        "canvas_path": "D:\\222_canvass\\1003.jpg",
        "stack_path_intermediate": "nissl_slices_222\\1003.jpg",
        "status": "success",
        "error_message": null,
        "H_canvas_to_bfw": [
            [
                0.013296346232645062,
                0.001593056643396141,
                1071.8731066222776
            ],
            [
                -0.001584929676999962,
                0.01327450137496399,
                235.58395907545975
            ],
            [
                1.4802178161368983e-08,
                -7.18202020876131e-10,
                0.9999999999999999
            ]
        ],
        "H_bfw_to_canvas": [
            [
                74.2324706655502,
                -8.912739164109114,
                -77468.09056604267
            ],
            [
                8.882488292458273,
                74.2649581961981,
                -27016.533193007126
            ],
            [
                -1.0924228351080188e-06,
                1.852651960697449e-07,
                1.0011272931496435
            ]
        ],
        "corners_canvas_overlap": [
            [
                -2.6805070749841287e-12,
                0.0
            ],
            [
                72256.0,
                0.0
            ],
            [
                72256.0,
                87552.0
            ],
            [
                0.0,
                87552.0
            ]
        ],
        "corners_bfw_overlap": [
            [
                1071.8731010294057,
                235.58397188123035
            ],
            [
                2030.4422115762618,
                120.93399502462125
            ],
            [
                2169.9048688062944,
                1281.9819127865776
            ],
            [
                1211.4245833973384,
                1397.881025881505
            ]
        ],
        "bfw_dims_original": [
            2076,
            3088
        ],
        "interpolated_bfw_css_rotation_deg": 61.37755102040816
    },
    "1006.jpg": {
        "canvas_path": "D:\\222_canvass\\1006.jpg",
        "stack_path_intermediate": "nissl_slices_222\\1006.jpg",
        "status": "success",
        "error_message": null,
        "H_canvas_to_bfw": [
            [
                0.013355446268275048,
                0.0011176042896581864,
                1107.7842620665501
            ],
            [
                -0.0010925487315114812,
                0.013333201085555836,
                234.70239919504138
            ],
            [
                2.4711636584831112e-08,
                8.366159120838603e-09,
                1.0
            ]
        ],
        "H_bfw_to_canvas": [
            [
                74.51905806213598,
                -6.195387610815841,
                -81096.967409056
            ],
            [
                6.139557847616189,
                74.50135837247011,
                -24286.953112944713
            ],
            [
                -1.8928523993601837e-06,
                -4.701920517220601e-07,
                1.0022072273010476
            ]
        ],
        "corners_canvas_overlap": [
            [
                -2.668750420306565e-12,
                0.0
            ],
            [
                72704.0,
                0.0
            ],
            [
                72704.0,
                87168.0
            ],
            [
                0.0,
                87168.0
            ]
        ],
        "corners_bfw_overlap": [
            [
                1107.7842435091466,
                234.70243807206293
            ],
            [
                2075.0505053463485,
                154.99127933707746
            ],
            [
                2170.7149576392662,
                1314.1787059875587
            ],
            [
                1204.3253216179473,
                1395.912904090905
            ]
        ],
        "bfw_dims_original": [
            2076,
            3088
        ],
        "interpolated_bfw_css_rotation_deg": 61.42857142857143
    },
    "1009.jpg": {
        "canvas_path": "D:\\222_canvass\\1009.jpg",
        "stack_path_intermediate": "nissl_slices_222\\1009.jpg",
        "status": "success",
        "error_message": null,
        "H_canvas_to_bfw": [
            [
                0.013291453941611733,
                0.0011155903124080927,
                1094.1082898705095
            ],
            [
                -0.0011049255484588737,
                0.013307929762220998,
                225.30897167210605
            ],
            [
                -7.0197703502967764e-09,
                8.954899628409574e-09,
                1.0
            ]
        ],
        "H_bfw_to_canvas": [
            [
                74.6779803503767,
                -6.206140798700079,
                -80307.49817072676
            ],
            [
                6.192397449334374,
                74.6399406174017,
                -23592.201649663562
            ],
            [
                4.6876997466561077e-07,
                -7.119588596677652e-07,
                0.9996475256032206
            ]
        ],
        "corners_canvas_overlap": [
            [
                -2.668750420306565e-12,
                0.0
            ],
            [
                72704.0,
                0.0
            ],
            [
                72704.0,
                87168.0
            ],
            [
                0.0,
                87168.0
            ]
        ],
        "corners_bfw_overlap": [
            [
                1094.1082706285058,
                225.30901428373363
            ],
            [
                2061.5023368024713,
                145.05047935136008
            ],
            [
                2157.1109967463944,
                1304.6495467510208
            ],
            [
                1190.4228850606296,
                1384.2540939881592
            ]
        ],
        "bfw_dims_original": [
            2076,
            3088
        ],
        "interpolated_bfw_css_rotation_deg": 61.47959183673469
    },
    "1012.jpg": {
        "canvas_path": "D:\\222_canvass\\1012.jpg",
        "stack_path_intermediate": "nissl_slices_222\\1012.jpg",
        "status": "success",
        "error_message": null,
        "H_canvas_to_bfw": [
            [
                -0.013332172482152602,
                -0.0002060679535464148,
                2129.144753591301
            ],
            [
                0.00020052458619353817,
                -0.013343497064113793,
                1350.3553084352316
            ],
            [
                3.76812818826194e-09,
                -5.481214704443549e-09,
                1.0
            ]
        ],
        "H_bfw_to_canvas": [
            [
                -74.9454160795947,
                1.092464664074399,
                158094.4239931754
            ],
            [
                -1.0983014420809545,
                -74.9684564361399,
                103572.49586700533
            ],
            [
                2.763839088962948e-07,
                -4.150347526825845e-07,
                0.9999719830318664
            ]
        ],
        "corners_canvas_overlap": [
            [
                -2.541387239540782e-12,
                0.0
            ],
            [
                72640.0,
                0.0
            ],
            [
                72640.0,
                83008.0
            ],
            [
                0.0,
                83008.0
            ]
        ],
        "corners_bfw_overlap": [
            [
                2129.1447789109316,
                1350.35535249646
            ],
            [
                1160.3781410947727,
                1364.547908824304
            ],
            [
                1143.7978010507554,
                257.3510627700466
            ],
            [
                2113.0008711087726,
                242.84874480907433
            ]
        ],
        "bfw_dims_original": [
            2076,
            3088
        ],
        "interpolated_bfw_css_rotation_deg": 61.53061224489796
    },
    "1015.jpg": {
        "canvas_path": "D:\\222_canvass\\1015.jpg",
        "stack_path_intermediate": "nissl_slices_222\\1015.jpg",
        "status": "success",
        "error_message": null,
        "H_canvas_to_bfw": [
            [
                0.013315223867874435,
                0.0002369818424668731,
                1138.8129666832801
            ],
            [
                -0.00021555291857388475,
                0.013339657238503699,
                185.51109632736848
            ],
            [
                -1.1979593925814816e-08,
                1.7383758353471002e-08,
                1.0
            ]
        ],
        "H_bfw_to_canvas": [
            [
                75.00558514732006,
                -1.2214726585554752,
                -85190.73620741241
            ],
            [
                1.1997949583109317,
                74.96303326639995,
                -15272.816541160559
            ],
            [
                8.776795066040313e-07,
                -1.3177720021872847e-06,
                0.9992449485261224
            ]
        ],
        "corners_canvas_overlap": [
            [
                -2.7177361923425014e-12,
                0.0
            ],
            [
                72704.0,
                0.0
            ],
            [
                72704.0,
                88768.0
            ],
            [
                0.0,
                88768.0
            ]
        ],
        "corners_bfw_overlap": [
            [
                1138.8129765327526,
                185.51108957121664
            ],
            [
                2108.719541823297,
                169.98764202510756
            ],
            [
                2126.490069705967,
                1353.064724964875
            ],
            [
                1158.0623362501779,
                1367.5355120262764
            ]
        ],
        "bfw_dims_original": [
            2076,
            3088
        ],
        "interpolated_bfw_css_rotation_deg": 61.58163265306123
    },
    "1018.jpg": {
        "canvas_path": "D:\\222_canvass\\1018.jpg",
        "stack_path_intermediate": "nissl_slices_222\\1018.jpg",
        "status": "success",
        "error_message": null,
        "H_canvas_to_bfw": [
            [
                0.01318095718735303,
                0.0014971381675684293,
                1085.2374013823805
            ],
            [
                -0.001469235795041634,
                0.013243011561991187,
                221.51054648088967
            ],
            [
                -3.269736779028819e-08,
                2.074965633989782e-08,
                0.9999999999999999
            ]
        ],
        "H_bfw_to_canvas": [
            [
                74.74236943148863,
                -8.325511794967701,
                -79269.02610755424
            ],
            [
                8.25422206737695,
                74.61830877907552,
                -25486.532861966014
            ],
            [
                2.2726064715677047e-06,
                -1.8205265850326393e-06,
                0.997936948297165
            ]
        ],
        "corners_canvas_overlap": [
            [
                -2.6863854023229106e-12,
                0.0
            ],
            [
                72256.0,
                0.0
            ],
            [
                72256.0,
                87744.0
            ],
            [
                0.0,
                87744.0
            ]
        ],
        "corners_bfw_overlap": [
            [
                1085.2374096414778,
                221.51053922936376
            ],
            [
                2042.4661565584192,
                115.62254897506546
            ],
            [
                2170.181672275157,
                1278.0368989445785
            ],
            [
                1214.3912488445135,
                1380.9910397140595
            ]
        ],
        "bfw_dims_original": [
            2076,
            3088
        ],
        "interpolated_bfw_css_rotation_deg": 61.63265306122449
    },
    "1021.jpg": {
        "canvas_path": "D:\\222_canvass\\1021.jpg",
        "stack_path_intermediate": "nissl_slices_222\\1021.jpg",
        "status": "success",
        "error_message": null,
        "H_canvas_to_bfw": [
            [
                0.01323753680128768,
                0.001067018255891824,
                1109.4031048399775
            ],
            [
                -0.0010630072760528968,
                0.013298816807931062,
                216.56807760535366
            ],
            [
                -2.2120569370632003e-08,
                1.8919586634208065e-08,
                1.0
            ]
        ],
        "H_bfw_to_canvas": [
            [
                74.93253483223741,
                -5.895693435834319,
                -81853.56780286481
            ],
            [
                5.964387414953488,
                74.74855593748032,
                -22805.06097977425
            ],
            [
                1.5447065904566134e-06,
                -1.5446278754764588e-06,
                0.9986208148020882
            ]
        ],
        "corners_canvas_overlap": [
            [
                -2.69814184016004e-12,
                0.0
            ],
            [
                69760.0,
                0.0
            ],
            [
                69760.0,
                88128.0
            ],
            [
                0.0,
                88128.0
            ]
        ],
        "corners_bfw_overlap": [
            [
                1109.4031217645997,
                216.5680401139639
            ],
            [
                2035.9954080874268,
                142.63285675623774
            ],
            [
                2126.6236922016296,
                1314.2475401899737
            ],
            [
                1201.4340620581047,
                1386.2548212672245
            ]
        ],
        "bfw_dims_original": [
            2076,
            3088
        ],
        "interpolated_bfw_css_rotation_deg": 61.683673469387756
    },
    "1024.jpg": {
        "canvas_path": "D:\\222_canvass\\1024.jpg",
        "stack_path_intermediate": "nissl_slices_222\\1024.jpg",
        "status": "success",
        "error_message": null,
        "H_canvas_to_bfw": [
            [
                0.013243131034760809,
                0.0012900822284631853,
                1080.4751415730739
            ],
            [
                -0.0012714452327952856,
                0.013261917485707205,
                210.25950396451185
            ],
            [
                -6.911751489784072e-09,
                1.2866140135275229e-08,
                1.0
            ]
        ],
        "H_bfw_to_canvas": [
            [
                74.7784652478963,
                -7.197322968094153,
                -79282.96726819407
            ],
            [
                7.162420259291986,
                74.72988880296808,
                -23451.486394699547
            ],
            [
                4.2469746581712866e-07,
                -1.0112313293797047e-06,
                0.9997537459432043
            ]
        ],
        "corners_canvas_overlap": [
            [
                -2.7608438538800906e-12,
                0.0
            ],
            [
                72704.0,
                0.0
            ],
            [
                72704.0,
                90176.0
            ],
            [
                0.0,
                90176.0
            ]
        ],
        "corners_bfw_overlap": [
            [
                1080.4751206090536,
                210.259542510252
            ],
            [
                2044.3310894189785,
                117.87956228772396
            ],
            [
                2158.218647753361,
                1312.8635029182833
            ],
            [
                1195.4225999215503,
                1404.5366048845356
            ]
        ],
        "bfw_dims_original": [
            2076,
            3088
        ],
        "interpolated_bfw_css_rotation_deg": 61.734693877551024
    },
    "1027.jpg": {
        "canvas_path": "D:\\222_canvass\\1027.jpg",
        "stack_path_intermediate": "nissl_slices_222\\1027.jpg",
        "status": "success",
        "error_message": null,
        "H_canvas_to_bfw": [
            [
                0.013302945362628984,
                0.0003703020306098642,
                1117.7640043369606
            ],
            [
                -0.0003434780569808291,
                0.0133164368202887,
                183.44146287221588
            ],
            [
                -2.2242185591055284e-09,
                1.289351311224368e-08,
                1.0
            ]
        ],
        "H_bfw_to_canvas": [
            [
                75.10551251471274,
                -2.0075985067946083,
                -83581.96160927853
            ],
            [
                1.9352796167773583,
                75.05677316165905,
                -15931.710161203548
            ],
            [
                1.4209852171157988e-07,
                -9.722108267805956e-07,
                1.000019511163646
            ]
        ],
        "corners_canvas_overlap": [
            [
                0.0078125,
                0.0
            ],
            [
                72703.9921875,
                0.0
            ],
            [
                72703.9921875,
                89279.984375
            ],
            [
                0.0078125,
                89279.984375
            ]
        ],
        "corners_bfw_overlap": [
            [
                1117.7641320360617,
                183.44142072252316
            ],
            [
                2085.2784368601397,
                158.49488877009298
            ],
            [
                2115.908228402406,
                1346.028715902159
            ],
            [
                1149.501467340956,
                1370.7547991788542
            ]
        ],
        "bfw_dims_original": [
            2076,
            3088
        ],
        "interpolated_bfw_css_rotation_deg": 61.785714285714285
    },
    "103.jpg": {
        "canvas_path": "D:\\222_canvass\\103.jpg",
        "stack_path_intermediate": "nissl_slices_222\\103.jpg",
        "status": "success",
        "error_message": null,
        "H_canvas_to_bfw": [
            [
                -0.02629787680328991,
                -0.025517036732118217,
                1616.7367933387595
            ],
            [
                -0.01382399161705357,
                -0.013412514953223377,
                849.8762356287853
            ],
            [
                -1.6267565572738885e-05,
                -1.577898921584134e-05,
                1.0
            ]
        ],
        "H_bfw_to_canvas": [
            [
                -654869.6838655825,
                1847344.664803873,
                -511262416.88482714
            ],
            [
                -401245.418811178,
                702148.6376233884,
                51968790.75540578
            ],
            [
                -16.98438266020947,
                41.130996251123484,
                -7495.979902661027
            ]
        ],
        "corners_canvas_overlap": [
            [
                0.0,
                129663.984375
            ],
            [
                0.0,
                0.0
            ],
            [
                168575.96875,
                0.0
            ],
            [
                168575.96875,
                129663.984375
            ]
        ],
        "corners_bfw_overlap": [
            [
                1617.5505194149903,
                850.1646775994056
            ],
            [
                1616.7367643541604,
                849.8762504863729
            ],
            [
                1616.495403547592,
                849.7382536016908
            ],
            [
                1616.8504332117689,
                849.8924232361306
            ]
        ],
        "bfw_dims_original": [
            2076,
            3088
        ],
        "interpolated_bfw_css_rotation_deg": 64
    },
    "1030.jpg": {
        "canvas_path": "D:\\222_canvass\\1030.jpg",
        "stack_path_intermediate": "nissl_slices_222\\1030.jpg",
        "status": "success",
        "error_message": null,
        "H_canvas_to_bfw": [
            [
                0.013237053923456869,
                0.0007319971263944669,
                1103.36858586985
            ],
            [
                -0.0007530257926560189,
                0.013267224466124284,
                192.93096353153555
            ],
            [
                -1.9172930615158465e-08,
                -2.100836800500999e-09,
                1.0
            ]
        ],
        "H_bfw_to_canvas": [
            [
                75.18977195497352,
                -4.161480807095668,
                -82159.15385200467
            ],
            [
                4.246554032229493,
                75.13638136469287,
                -19181.64877032407
            ],
            [
                1.4505295976485187e-06,
                7.80614922566656e-08,
                0.9983844707301643
            ]
        ],
        "corners_canvas_overlap": [
            [
                -2.7608438538800906e-12,
                0.0
            ],
            [
                70976.0,
                0.0
            ],
            [
                70976.0,
                90176.0
            ],
            [
                0.0,
                90176.0
            ]
        ],
        "corners_bfw_overlap": [
            [
                1103.368579151236,
                192.9309858693075
            ],
            [
                2045.6655410157382,
                139.6741956309761
            ],
            [
                2112.1646812701497,
                1337.9436334883221
            ],
            [
                1169.5987359515416,
                1389.5794229065762
            ]
        ],
        "bfw_dims_original": [
            2076,
            3088
        ],
        "interpolated_bfw_css_rotation_deg": 61.83673469387755
    },
    "1033.jpg": {
        "canvas_path": "D:\\222_canvass\\1033.jpg",
        "stack_path_intermediate": "nissl_slices_222\\1033.jpg",
        "status": "success",
        "error_message": null,
        "H_canvas_to_bfw": [
            [
                0.013263687363476395,
                0.0007611789088124989,
                1118.0490387752716
            ],
            [
                -0.000756190910757399,
                0.013281368262365183,
                208.04241587774823
            ],
            [
                -4.673584296683181e-09,
                8.95039933643696e-09,
                1.0
            ]
        ],
        "H_bfw_to_canvas": [
            [
                75.12226591466366,
                -4.2493851903579465,
                -83106.32483551286
            ],
            [
                4.27227730948328,
                75.06233818100743,
                -20392.765715858506
            ],
            [
                3.128516543141564e-07,
                -6.916977617429104e-07,
                0.9997941189820251
            ]
        ],
        "corners_canvas_overlap": [
            [
                -2.7040201674988218e-12,
                0.0
            ],
            [
                70080.0,
                0.0
            ],
            [
                70080.0,
                88320.0
            ],
            [
                0.0,
                88320.0
            ]
        ],
        "corners_bfw_overlap": [
            [
                1118.049042586941,
                208.0423992648607
            ],
            [
                2048.239088619551,
                155.09933054090448
            ],
            [
                2113.8169063245336,
                1327.4444296137835
            ],
            [
                1184.3401682010292,
                1379.96199875809
            ]
        ],
        "bfw_dims_original": [
            2076,
            3088
        ],
        "interpolated_bfw_css_rotation_deg": 61.88775510204081
    },
    "1036.jpg": {
        "canvas_path": "D:\\222_canvass\\1036.jpg",
        "stack_path_intermediate": "nissl_slices_222\\1036.jpg",
        "status": "success",
        "error_message": null,
        "H_canvas_to_bfw": [
            [
                0.013222184877018654,
                0.0014783606697274432,
                1072.4216155974127
            ],
            [
                -0.0014597201229479128,
                0.01322388050172254,
                221.45741515877262
            ],
            [
                6.992711262594064e-09,
                1.2283494094049404e-08,
                1.0
            ]
        ],
        "H_bfw_to_canvas": [
            [
                74.75726914159019,
                -8.28470578473969,
                -78336.60182203537
            ],
            [
                8.262547037255247,
                74.72066001836976,
                -25408.37826926852
            ],
            [
                -6.242489456211036e-07,
                -8.598982305908909e-07,
                1.0008598889022442
            ]
        ],
        "corners_canvas_overlap": [
            [
                -2.7706411383915386e-12,
                0.0
            ],
            [
                71104.0,
                0.0
            ],
            [
                71104.0,
                90496.0
            ],
            [
                0.0,
                90496.0
            ]
        ],
        "corners_bfw_overlap": [
            [
                1072.4215977272856,
                221.45743900820003
            ],
            [
                2011.5716898816427,
                117.60701473304266
            ],
            [
                2142.9100627573125,
                1312.2625536215544
            ],
            [
                1204.8680363261635,
                1416.5910278356228
            ]
        ],
        "bfw_dims_original": [
            2076,
            3088
        ],
        "interpolated_bfw_css_rotation_deg": 61.93877551020408
    },
    "1039.jpg": {
        "canvas_path": "D:\\222_canvass\\1039.jpg",
        "stack_path_intermediate": "nissl_slices_222\\1039.jpg",
        "status": "success",
        "error_message": null,
        "H_canvas_to_bfw": [
            [
                0.0131998627338056,
                0.0013094789293815639,
                1079.4806928472494
            ],
            [
                -0.001304243700791654,
                0.013218808878098485,
                211.89407016796122
            ],
            [
                -7.41514848501593e-09,
                6.428954844891978e-09,
                1.0
            ]
        ],
        "H_bfw_to_canvas": [
            [
                74.98364435773608,
                -7.389409142125841,
                -79377.62438423927
            ],
            [
                7.3901663738884595,
                74.92929977528958,
                -23854.616221762975
            ],
            [
                5.085038109462721e-07,
                -5.365106508201086e-07,
                0.999564763379335
            ]
        ],
        "corners_canvas_overlap": [
            [
                -2.7549655265413087e-12,
                0.0
            ],
            [
                72256.0,
                0.0
            ],
            [
                72256.0,
                89984.0
            ],
            [
                0.0,
                89984.0
            ]
        ],
        "corners_bfw_overlap": [
            [
                1079.4807049102267,
                211.89404505816242
            ],
            [
                2034.3400136871953,
                117.71765524275361
            ],
            [
                2150.990234156941,
                1307.0801200350513
            ],
            [
                1196.6206022362658,
                1400.5651581533427
            ]
        ],
        "bfw_dims_original": [
            2076,
            3088
        ],
        "interpolated_bfw_css_rotation_deg": 61.98979591836735
    },
    "1042.jpg": {
        "canvas_path": "D:\\222_canvass\\1042.jpg",
        "stack_path_intermediate": "nissl_slices_222\\1042.jpg",
        "status": "success",
        "error_message": null,
        "H_canvas_to_bfw": [
            [
                0.013225349709422808,
                0.0008692705582296586,
                1104.1995333687814
            ],
            [
                -0.0008805142577287097,
                0.013233637436831211,
                201.8332528615872
            ],
            [
                -5.442944101631116e-09,
                -3.2423189534378566e-09,
                1.0
            ]
        ],
        "H_bfw_to_canvas": [
            [
                75.24816541081671,
                -4.962896128321813,
                -82087.31166428732
            ],
            [
                5.000223520024946,
                75.23149428499086,
                -20705.46168672877
            ],
            [
                4.2578387757177003e-07,
                2.1691173360702054e-07,
                0.9994860696402915
            ]
        ],
        "corners_canvas_overlap": [
            [
                0.0078125,
                0.0
            ],
            [
                71103.9921875,
                0.0
            ],
            [
                71103.9921875,
                89279.984375
            ],
            [
                0.0078125,
                89279.984375
            ]
        ],
        "corners_bfw_overlap": [
            [
                1104.1996624338522,
                201.8332046707435
            ],
            [
                2045.3662424975748,
                139.27908821274787
            ],
            [
                2123.619773535592,
                1321.6181828482283
            ],
            [
                1182.1502999710083,
                1383.732727131587
            ]
        ],
        "bfw_dims_original": [
            2076,
            3088
        ],
        "interpolated_bfw_css_rotation_deg": 62.04081632653061
    },
    "1045.jpg": {
        "canvas_path": "D:\\222_canvass\\1045.jpg",
        "stack_path_intermediate": "nissl_slices_222\\1045.jpg",
        "status": "success",
        "error_message": null,
        "H_canvas_to_bfw": [
            [
                0.013230334651942366,
                0.000702593704677778,
                1116.9010769608321
            ],
            [
                -0.0007049950167231161,
                0.013243195587619465,
                205.65221265252057
            ],
            [
                -5.241266140426595e-09,
                5.813146353329431e-10,
                1.0
            ]
        ],
        "H_bfw_to_canvas": [
            [
                75.33808247072507,
                -3.9932676881852602,
                -83323.9611119277
            ],
            [
                4.00449014225859,
                75.29890091242076,
                -19958.004935509904
            ],
            [
                3.9253907201173634e-07,
                -6.470213184862025e-08,
                0.9995748788242989
            ]
        ],
        "corners_canvas_overlap": [
            [
                -2.7040201674988218e-12,
                0.0
            ],
            [
                70464.0,
                0.0
            ],
            [
                70464.0,
                88320.0
            ],
            [
                0.0,
                88320.0
            ]
        ],
        "corners_bfw_overlap": [
            [
                1116.9010831079586,
                205.65221295466813
            ],
            [
                2049.9204457901283,
