{
    "1.jpg": {
        "canvas_path": "renamed_images/1.jpg",
        "stack_path_intermediate": "nissl_slices_244/1.jpg",
        "status": "success",
        "error_message": null,
        "H_canvas_to_bfw": [
            [
                0.0016129736783287774,
                0.0019607342832805275,
                893.079899761559
            ],
            [
                -0.0024515303389420974,
                0.0016617500168495,
                1025.968898618602
            ],
            [
                -2.506523750773843e-07,
                -2.0867454674774507e-07,
                1.0
            ]
        ],
        "H_bfw_to_canvas": [
            [
                229.96389684810532,
                -263.2175012026964,
                64676.83586018771
            ],
            [
                269.01261741232173,
                225.18067374842872,
                -471278.129229061
            ],
            [
                0.00011377708293496898,
                -1.898661680758488e-05,
                0.9178676525118464
            ]
        ],
        "corners_canvas_overlap": [
            [
                0.0,
                80063.984375
            ],
            [
                0.0,
                0.0
            ],
            [
                89279.984375,
                0.0
            ],
            [
                89279.984375,
                80063.984375
            ]
        ],
        "corners_bfw_overlap": [
            [
                1067.9059490135458,
                1178.7083015240612
            ],
            [
                893.0798993374223,
                1025.9688877236504
            ],
            [
                1060.8255937478366,
                825.5711525184898
            ],
            [
                1242.6396222008605,
                978.3832736028802
            ]
        ],
        "bfw_dims_original": [
            2000,
            2032
        ],
        "interpolated_bfw_css_rotation_deg": 75
    },
    "28.jpg": {
        "canvas_path": "renamed_images/28.jpg",
        "stack_path_intermediate": "nissl_slices_244/28.jpg",
        "status": "success",
        "error_message": null,
        "H_canvas_to_bfw": [
            [
                0.0026949455572246655,
                0.001004208359187504,
                827.4025669755778
            ],
            [
                -0.001067472674803908,
                0.0027147977903642473,
                916.0788985745424
            ],
            [
                -3.8109507767478256e-08,
                -2.0611493456050334e-08,
                1.0
            ]
        ],
        "H_bfw_to_canvas": [
            [
                321.31330698110435,
                -120.03791278655792,
                -155891.2560668806
            ],
            [
                121.36598291008359,
                320.46678309012844,
                -393991.38348624896
            ],
            [
                1.4746626130728825e-05,
                2.0307132328124787e-06,
                0.9859383101435703
            ]
        ],
        "corners_canvas_overlap": [
            [
                0.015625,
                0.0
            ],
            [
                122496.0,
                0.0
            ],
            [
                122496.0,
                123199.984375
            ],
            [
                0.015625,
                123199.984375
            ]
        ],
        "corners_bfw_overlap": [
            [
                827.4025914262027,
                916.0789039362852
            ],
            [
                1162.9515532219502,
                789.0010551300877
            ],
            [
                1290.54280040275,
                1127.9103453876849
            ],
            [
                953.5424554677951,
                1253.7255498214627
            ]
        ],
        "bfw_dims_original": [
            2000,
            2032
        ],
        "interpolated_bfw_css_rotation_deg": 75
    },
    "298.jpg": {
        "canvas_path": "renamed_images/298.jpg",
        "stack_path_intermediate": "nissl_slices_244/298.jpg",
        "status": "success",
        "error_message": null,
        "H_canvas_to_bfw": [
            [
                -0.011782132750926553,
                -0.00016372165370215236,
                1395.6210111768262
            ],
            [
                0.00022828198045584975,
                -0.011654188369066574,
                1441.425682771129
            ],
            [
                -3.26200968008235e-08,
                7.876315830720291e-08,
                1.0
            ]
        ],
        "H_bfw_to_canvas": [
            [
                -85.15704754081962,
                1.9802320012810704,
                115992.60753325994
            ],
            [
                -1.992217471333088,
                -84.93190461482497,
                125203.40916030253
            ],
            [
                -2.6209177939768812e-06,
                6.754100408079593e-06,
                0.9939222741496205
            ]
        ],
        "corners_canvas_overlap": [
            [
                -2.1338245840413217e-12,
                0.0
            ],
            [
                76416.0,
                0.0
            ],
            [
                76416.0,
                69696.0
            ],
            [
                0.0,
                69696.0
            ]
        ],
        "corners_bfw_overlap": [
            [
                1395.6210317902385,
                1441.4256751402388
            ],
            [
                496.5152087810116,
                1462.5156881918208
            ],
            [
                482.4211161689258,
                644.6877421781825
            ],
            [
                1376.6531540491042,
                625.7404154461605
            ]
        ],
        "bfw_dims_original": [
            2000,
            2032
        ],
        "interpolated_bfw_css_rotation_deg": 74.8339483394834
    },
    "301.jpg": {
        "canvas_path": "renamed_images/301.jpg",
        "stack_path_intermediate": "nissl_slices_244/301.jpg",
        "status": "success",
        "error_message": null,
        "H_canvas_to_bfw": [
            [
                -0.011725844921060276,
                0.00035768166114075867,
                1378.2227539923251
            ],
            [
                -0.00038065766074135655,
                -0.01171998218272073,
                1473.8407674326438
            ],
            [
                -2.2755049371730507e-08,
                -3.8618885756568193e-10,
                1.0
            ]
        ],
        "H_bfw_to_canvas": [
            [
                -85.43289349859491,
                -2.6113297039939165,
                121594.24193412051
            ],
            [
                2.5304590891951904,
                -85.25116012082982,
                122159.09896223154
            ],
            [
                -1.9430524744255483e-06,
                -9.234398447346025e-08,
                1.0028140594613986
            ]
        ],
        "corners_canvas_overlap": [
            [
                -2.174972875412795e-12,
                0.0
            ],
            [
                76864.0,
                0.0
            ],
            [
                76864.0,
                71040.0
            ],
            [
                0.0,
                71040.0
            ]
        ],
        "corners_bfw_overlap": [
            [
                1378.222785066136,
                1473.840770966929
            ],
            [
                477.76305419614215,
                1447.1129617774836
            ],
            [
                503.2310925270903,
                613.0834616065752
            ],
            [
                1403.670991724762,
                641.2708523487349
            ]
        ],
        "bfw_dims_original": [
            2000,
            2032
        ],
        "interpolated_bfw_css_rotation_deg": 74.77859778597787
    },
    "304.jpg": {
        "canvas_path": "renamed_images/304.jpg",
        "stack_path_intermediate": "nissl_slices_244/304.jpg",
        "status": "success",
        "error_message": null,
        "H_canvas_to_bfw": [
            [
                -0.011731932533573412,
                9.515928159268522e-05,
                1372.0639609851435
            ],
            [
                -7.751047390863443e-05,
                -0.011712173595219354,
                1452.6148760154165
            ],
            [
                4.127086721650786e-09,
                3.4046921838723996e-08,
                1.0
            ]
        ],
        "H_bfw_to_canvas": [
            [
                -85.19383093181021,
                -0.3509030349604437,
                117401.11208842065
            ],
            [
                0.6048614505702515,
                -85.01973293735816,
                122671.02022194769
            ],
            [
                3.3100865787441334e-07,
                2.896108409323593e-06,
                0.9953389047918196
            ]
        ],
        "corners_canvas_overlap": [
            [
                -2.131865213875206e-12,
                0.0
            ],
            [
                74176.0,
                0.0
            ],
            [
                74176.0,
                69632.0
            ],
            [
                0.0,
                69632.0
            ]
        ],
        "corners_bfw_overlap": [
            [
                1372.0639273696981,
                1452.6148578306263
            ],
            [
                501.6825589940002,
                1446.4226701308337
            ],
            [
                507.104798819519,
                629.6379537303029
            ],
            [
                1375.4293046045382,
                635.5660261077612
            ]
        ],
        "bfw_dims_original": [
            2000,
            2032
        ],
        "interpolated_bfw_css_rotation_deg": 74.72324723247232
    },
    "307.jpg": {
        "canvas_path": "renamed_images/307.jpg",
        "stack_path_intermediate": "nissl_slices_244/307.jpg",
        "status": "success",
        "error_message": null,
        "H_canvas_to_bfw": [
            [
                -0.011726287151300962,
                0.0006554646029779648,
                1347.1635016342002
            ],
            [
                -0.0006929478485564602,
                -0.011689265947687488,
                1477.3037513124527
            ],
            [
                -3.369709181951747e-08,
                1.1014802467631488e-08,
                1.0
            ]
        ],
        "H_bfw_to_canvas": [
            [
                -85.35269861068087,
                -4.671220193791042,
                121884.8514497874
            ],
            [
                4.6897493382806,
                -85.17298495262382,
                119508.51104064549
            ],
            [
                -2.9277943847115815e-06,
                7.807570690523394e-07,
                1.0027908023883982
            ]
        ],
        "corners_canvas_overlap": [
            [
                -2.131865213875206e-12,
                0.0
            ],
            [
                73792.0,
                0.0
            ],
            [
                73792.0,
                69632.0
            ],
            [
                0.0,
                69632.0
            ]
        ],
        "corners_bfw_overlap": [
            [
                1347.1634651961624,
                1477.3037304314778
            ],
            [
                483.05849293920664,
                1429.7248648302987
            ],
            [
                528.407266346398,
                613.2773831273903
            ],
            [
                1391.7373542588934,
                662.8483960663041
            ]
        ],
        "bfw_dims_original": [
            2000,
            2032
        ],
        "interpolated_bfw_css_rotation_deg": 74.66789667896678
    },
    "310.jpg": {
        "canvas_path": "renamed_images/310.jpg",
        "stack_path_intermediate": "nissl_slices_244/310.jpg",
        "status": "success",
        "error_message": null,
        "H_canvas_to_bfw": [
            [
                -0.011697035755585967,
                -0.0001454041898384636,
                1394.3335690728018
            ],
            [
                8.915352638421657e-05,
                -0.011774199806402917,
                1468.2161736077373
            ],
            [
                4.14324854066569e-09,
                -5.440378268827602e-08,
                0.9999999999999999
            ]
        ],
        "H_bfw_to_canvas": [
            [
                -85.44593528842826,
                0.5081544936932799,
                118394.05526714594
            ],
            [
                -0.6069631288394247,
                -85.50796505275615,
                126390.48632847205
            ],
            [
                3.210026565284195e-07,
                -4.654062159211275e-06,
                1.0063855845553709
            ]
        ],
        "corners_canvas_overlap": [
            [
                -2.1867293132499244e-12,
                0.0
            ],
            [
                77248.0,
                0.0
            ],
            [
                77248.0,
                71424.0
            ],
            [
                0.0,
                71424.0
            ]
        ],
        "corners_bfw_overlap": [
            [
                1394.333561818442,
                1468.2161694285378
            ],
            [
                490.60391980418086,
                1474.6311409956927
            ],
            [
                482.09458349140345,
                636.4119251981451
            ],
            [
                1389.346832425428,
                629.7026049291088
            ]
        ],
        "bfw_dims_original": [
            2000,
            2032
        ],
        "interpolated_bfw_css_rotation_deg": 74.61254612546125
    },
    "313.jpg": {
        "canvas_path": "renamed_images/313.jpg",
        "stack_path_intermediate": "nissl_slices_244/313.jpg",
        "status": "success",
        "error_message": null,
        "H_canvas_to_bfw": [
            [
                -0.011711075149148773,
                0.00017489102392562856,
                1373.4052066572176
            ],
            [
                -0.00018677538460196093,
                -0.011718045464736317,
                1467.9045393249394
            ],
            [
                -2.103044916916013e-09,
                -1.1444479238173939e-08,
                0.9999999999999999
            ]
        ],
        "H_bfw_to_canvas": [
            [
                -85.38849909159707,
                -1.390946782182064,
                119314.78633656898
            ],
            [
                1.3404443827458852,
                -85.43914845103548,
                123575.54055283475
            ],
            [
                -1.642351610694086e-07,
                -9.807317841351052e-07,
                1.001665182063121
            ]
        ],
        "corners_canvas_overlap": [
            [
                -2.165175590901347e-12,
                0.0
            ],
            [
                75584.0,
                0.0
            ],
            [
                75584.0,
                70720.0
            ],
            [
                0.0,
                70720.0
            ]
        ],
        "corners_bfw_overlap": [
            [
                1373.4051688252327,
                1467.9045237404753
            ],
            [
                488.31293110849236,
                1454.0184391164182
            ],
            [
                501.0888058754792,
                625.6930006432688
            ],
            [
                1386.896027677917,
                639.7220927714743
            ]
        ],
        "bfw_dims_original": [
            2000,
            2032
        ],
        "interpolated_bfw_css_rotation_deg": 74.55719557195572
    },
    "316.jpg": {
        "canvas_path": "renamed_images/316.jpg",
        "stack_path_intermediate": "nissl_slices_244/316.jpg",
        "status": "success",
        "error_message": null,
        "H_canvas_to_bfw": [
            [
                -0.011702981416369749,
                0.0005194064165385985,
                1370.408567057123
            ],
            [
                -0.0005161447660761627,
                -0.011709087031022634,
                1502.5248524450499
            ],
            [
                2.3184874326180873e-09,
                -8.221778971167286e-10,
                1.0
            ]
        ],
        "H_bfw_to_canvas": [
            [
                -85.25685982063459,
                -3.7905349165810502,
                122532.10401480962
            ],
            [
                3.783946249485338,
                -85.24453137624613,
                122896.47457026326
            ],
            [
                2.0077803500882777e-07,
                -6.129786198062981e-08,
                0.9998169536217747
            ]
        ],
        "corners_canvas_overlap": [
            [
                -2.2690256791524366e-12,
                0.0
            ],
            [
                77888.0,
                0.0
            ],
            [
                77888.0,
                74112.0
            ],
            [
                0.0,
                74112.0
            ]
        ],
        "corners_bfw_overlap": [
            [
                1370.4085559070081,
                1502.5248419387717
            ],
            [
                458.80389621089614,
                1462.0593516208235
            ],
            [
                497.32151055110523,
                594.4683447533926
            ],
            [
                1408.9886470900638,
                634.7796677572381
            ]
        ],
        "bfw_dims_original": [
            2000,
            2032
        ],
        "interpolated_bfw_css_rotation_deg": 74.50184501845018
    },
    "319.jpg": {
        "canvas_path": "renamed_images/319.jpg",
        "stack_path_intermediate": "nissl_slices_244/319.jpg",
        "status": "success",
        "error_message": null,
        "H_canvas_to_bfw": [
            [
                -0.011701248008860042,
                0.0004236683248737004,
                1371.575830844447
            ],
            [
                -0.0004322077972621762,
                -0.01171251274590501,
                1491.8961770083683
            ],
            [
                -1.0944249690802802e-10,
                -7.043295133860265e-09,
                1.0
            ]
        ],
        "H_bfw_to_canvas": [
            [
                -85.34537444759245,
                -3.16036472394222,
                121772.58891628856
            ],
            [
                3.1509986321796495,
                -85.33875963213652,
                122994.73567889901
            ],
            [
                1.2853002453736134e-08,
                -6.014119486532262e-07,
                1.0008796153194837
            ]
        ],
        "corners_canvas_overlap": [
            [
                -2.284701074162232e-12,
                0.0
            ],
            [
                78464.0,
                0.0
            ],
            [
                78464.0,
                74624.0
            ],
            [
                0.0,
                74624.0
            ]
        ],
        "corners_bfw_overlap": [
            [
                1371.575836959024,
                1491.8961764434457
            ],
            [
                453.45300877789106,
                1457.995952164146
            ],
            [
                485.324179760912,
                584.2609878457921
            ],
            [
                1403.9295266064137,
                618.1865398556121
            ]
        ],
        "bfw_dims_original": [
            2000,
            2032
        ],
        "interpolated_bfw_css_rotation_deg": 74.44649446494465
    },
    "322.jpg": {
        "canvas_path": "renamed_images/322.jpg",
        "stack_path_intermediate": "nissl_slices_244/322.jpg",
        "status": "success",
        "error_message": null,
        "H_canvas_to_bfw": [
            [
                -0.011702677248044345,
                0.0005964653206063318,
                1356.3619379074541
            ],
            [
                -0.0005821957657736314,
                -0.011685472855894611,
                1491.5320096561334
            ],
            [
                3.748114514645053e-09,
                1.5863163490115716e-08,
                1.0
            ]
        ],
        "H_bfw_to_canvas": [
            [
                -85.2033851063202,
                -4.1837094986998,
                121806.76517549674
            ],
            [
                4.27712048976071,
                -85.19339989767707,
                121267.35952266541
            ],
            [
                2.5150338281789293e-07,
                1.367117853152794e-06,
                0.997619770345341
            ]
        ],
        "corners_canvas_overlap": [
            [
                -2.2200399071165e-12,
                0.0
            ],
            [
                77376.0,
                0.0
            ],
            [
                77376.0,
                72512.0
            ],
            [
                0.0,
                72512.0
            ]
        ],
        "corners_bfw_overlap": [
            [
                1356.3619018814263,
                1491.5319973142755
            ],
            [
                450.72487236028707,
                1446.0646505623731
            ],
            [
                493.3958486744241,
                598.2852946774947
            ],
            [
                1398.0047405096125,
                643.4548480486205
            ]
        ],
        "bfw_dims_original": [
            2000,
            2032
        ],
        "interpolated_bfw_css_rotation_deg": 74.39114391143912
    },
    "325.jpg": {
        "canvas_path": "renamed_images/325.jpg",
        "stack_path_intermediate": "nissl_slices_244/325.jpg",
        "status": "success",
        "error_message": null,
        "H_canvas_to_bfw": [
            [
                -0.011709154865070497,
                0.00035021040659808446,
                1384.7453349745783
            ],
            [
                -0.0003482200048527578,
                -0.011702556454986354,
                1495.4688599599144
            ],
            [
                -3.0301352955136422e-09,
                4.2634271905902824e-09,
                1.0
            ]
        ],
        "H_bfw_to_canvas": [
            [
                -85.36017350851272,
                -2.510055940118205,
                121955.81255373773
            ],
            [
                2.505549781857734,
                -85.33120688310541,
                124140.61430450722
            ],
            [
                -2.693351036466628e-07,
                3.5619757853345037e-07,
                0.9998402781416297
            ]
        ],
        "corners_canvas_overlap": [
            [
                -2.284701074162232e-12,
                0.0
            ],
            [
                78464.0,
                0.0
            ],
            [
                78464.0,
                74624.0
            ],
            [
                0.0,
                74624.0
            ]
        ],
        "corners_bfw_overlap": [
            [
                1384.7453128633133,
                1495.4688480808932
            ],
            [
                466.1090216860769,
                1468.4952659255
            ],
            [
                492.0927297402931,
                594.8067711145794
            ],
            [
                1410.4306849400527,
                621.9793536007681
            ]
        ],
        "bfw_dims_original": [
            2000,
            2032
        ],
        "interpolated_bfw_css_rotation_deg": 74.33579335793358
    },
    "31.jpg": {
        "canvas_path": "renamed_images/31.jpg",
        "stack_path_intermediate": "nissl_slices_244/31.jpg",
        "status": "success",
        "error_message": null,
        "H_canvas_to_bfw": [
            [
                -0.01795844523519415,
                -0.013542105939522264,
                1087.9301995190428
            ],
            [
                -0.016982937433114704,
                -0.012806579274142641,
                1028.8280986110528
            ],
            [
                -1.6507152064217002e-05,
                -1.2447724665953634e-05,
                1.0
            ]
        ],
        "H_bfw_to_canvas": [
            [
                713274.5337088561,
                10288600.27903511,
                -11361193968.218569
            ],
            [
                5805638.5193318855,
                -12651298.844601152,
                6699882262.579039
            ],
            [
                84.04112099016359,
                12.355604649685553,
                -104141.66676555856
            ]
        ],
        "corners_canvas_overlap": [
            [
                0.0,
                128383.984375
            ],
            [
                0.0,
                0.0
            ],
            [
                127167.984375,
                0.0
            ],
            [
                127167.984375,
                128383.984375
            ]
        ],
        "corners_bfw_overlap": [
            [
                1087.8980486304433,
                1028.8303235910312
            ],
            [
                1087.9302281847245,
                1028.8280926238062
            ],
            [
                1087.9089122332184,
                1028.8183332276935
            ],
            [
                1087.914434508159,
                1028.8246169041124
            ]
        ],
        "bfw_dims_original": [
            2000,
            2032
        ],
        "interpolated_bfw_css_rotation_deg": 75
    },
    "331.jpg": {
        "canvas_path": "renamed_images/331.jpg",
        "stack_path_intermediate": "nissl_slices_244/331.jpg",
        "status": "success",
        "error_message": null,
        "H_canvas_to_bfw": [
            [
                -0.011719701007838632,
                0.00032619073320194856,
                1397.422467635428
            ],
            [
                -0.00024270119142903452,
                -0.011701274545556873,
                1500.517551650231
            ],
            [
                2.5015938638140673e-08,
                6.1589606483357e-08,
                1.0
            ]
        ],
        "H_bfw_to_canvas": [
            [
                -85.03137737382829,
                -1.731271201440374,
                121422.56002060225
            ],
            [
                2.0204893804233364,
                -84.74996048787999,
                124345.32595790517
            ],
            [
                2.0026985728561964e-06,
                5.263026090069795e-06,
                0.9893041209954465
            ]
        ],
        "corners_canvas_overlap": [
            [
                -2.3121333406900257e-12,
                0.0
            ],
            [
                79360.0,
                0.0
            ],
            [
                79360.0,
                75520.0
            ],
            [
                0.0,
                75520.0
            ]
        ],
        "corners_bfw_overlap": [
            [
                1397.42249200049,
                1500.5175596870379
            ],
            [
                466.42104311906246,
                1478.321927755655
            ],
            [
                488.737408881802,
                593.6368585698551
            ],
            [
                1415.472672328717,
                613.9815416673215
            ]
        ],
        "bfw_dims_original": [
            2000,
            2032
        ],
        "interpolated_bfw_css_rotation_deg": 74.22509225092251
    },
    "334.jpg": {
        "canvas_path": "renamed_images/334.jpg",
        "stack_path_intermediate": "nissl_slices_244/334.jpg",
        "status": "success",
        "error_message": null,
        "H_canvas_to_bfw": [
            [
                -0.0015811103843209144,
                -0.011592384498021266,
                1433.6881302719653
            ],
            [
                0.011582438725966088,
                -0.0015448102196177536,
                658.9829812336743
            ],
            [
                -1.8713670773310037e-08,
                7.452527387854986e-09,
                1.0
            ]
        ],
        "H_bfw_to_canvas": [
            [
                -11.316490822451074,
                84.72879881987349,
                -39610.51787418872
            ],
            [
                -84.66820175754313,
                -11.349785605098232,
                128867.11142567222
            ],
            [
                4.1921900891798807e-07,
                1.6701714342014092e-06,
                0.9982983561320485
            ]
        ],
        "corners_canvas_overlap": [
            [
                -2.3591597425598465e-12,
                0.0
            ],
            [
                73664.0,
                0.0
            ],
            [
                73664.0,
                77056.0
            ],
            [
                0.0,
                77056.0
            ]
        ],
        "corners_bfw_overlap": [
            [
                1433.6880950742911,
                658.9829945870715
            ],
            [
                1319.0355613549166,
                1514.2792158476618
            ],
            [
                424.2956883596999,
                1394.2762201317341
            ],
            [
                540.115165682088,
                539.6362166820693
            ]
        ],
        "bfw_dims_original": [
            2000,
            2032
        ],
        "interpolated_bfw_css_rotation_deg": 74.16974169741698
    },
    "352.jpg": {
        "canvas_path": "renamed_images/352.jpg",
        "stack_path_intermediate": "nissl_slices_244/352.jpg",
        "status": "success",
        "error_message": null,
        "H_canvas_to_bfw": [
            [
                -0.011693105950067496,
                0.0006085616310026649,
                1375.599006620236
            ],
            [
                -0.0006464684221016441,
                -0.011681093479900307,
                1510.9628523787762
            ],
            [
                -1.5678229349515764e-08,
                -1.903937351545702e-08,
                1.0
            ]
        ],
        "H_bfw_to_canvas": [
            [
                -85.43018556933599,
                -4.653748742164673,
                124549.3198782763
            ],
            [
                4.565967689177593,
                -85.5710497873632,
                123013.73685026776
            ],
            [
                -1.2524608784339812e-06,
                -1.702181719126055e-06,
                1.0042948172858022
            ]
        ],
        "corners_canvas_overlap": [
            [
                -2.3023360561785777e-12,
                0.0
            ],
            [
                78720.0,
                0.0
            ],
            [
                78720.0,
                75200.0
            ],
            [
                0.0,
                75200.0
            ]
        ],
        "corners_bfw_overlap": [
            [
                1375.5989885267247,
                1510.9628541643203
            ],
            [
                455.6801192731008,
                1461.877096468636
            ],
            [
                502.22043654885675,
                583.2094372181174
            ],
            [
                1423.4007649594428,
                633.4515837080354
            ]
        ],
        "bfw_dims_original": [
            2000,
            2032
        ],
        "interpolated_bfw_css_rotation_deg": 73.83763837638377
    },
    "355.jpg": {
        "canvas_path": "renamed_images/355.jpg",
        "stack_path_intermediate": "nissl_slices_244/355.jpg",
        "status": "success",
        "error_message": null,
        "H_canvas_to_bfw": [
            [
                0.01171092788646785,
                -0.0005359162559565708,
                487.9002618812988
            ],
            [
                0.0005577342507397583,
                0.0117181530818315,
                553.3419183458683
            ],
            [
                1.4229506199263103e-08,
                1.904203293180729e-08,
                1.0
            ]
        ],
        "H_bfw_to_canvas": [
            [
                85.25446077287373,
                3.97017772983622,
                -43792.53949883563
            ],
            [
                -4.00406508312659,
                85.22801980873078,
                -45206.65157513552
            ],
            [
                -1.1368833389084437e-06,
                -1.6794084285294564e-06,
                1.0014839727603106
            ]
        ],
        "corners_canvas_overlap": [
            [
                -2.4355775642831423e-12,
                0.0
            ],
            [
                79424.0,
                0.0
            ],
            [
                79424.0,
                79552.0
            ],
            [
                0.0,
                79552.0
            ]
        ],
        "corners_bfw_overlap": [
            [
                487.900255369607,
                553.3419506657098
            ],
            [
                1416.428157676182,
                596.9647436012473
            ],
            [
                1371.7674813987148,
                1525.8061690987831
            ],
            [
                444.5935671226965,
                1483.2974856407986
            ]
        ],
        "bfw_dims_original": [
            2000,
            2032
        ],
        "interpolated_bfw_css_rotation_deg": 73.78228782287823
    },
    "34.jpg": {
        "canvas_path": "renamed_images/34.jpg",
        "stack_path_intermediate": "nissl_slices_244/34.jpg",
        "status": "success",
        "error_message": null,
        "H_canvas_to_bfw": [
            [
                0.0027682179113560444,
                0.0011041941364299747,
                815.9476104039155
            ],
            [
                -0.0010416525288901237,
                0.0027783260783021003,
                925.2889309260709
            ],
            [
                2.6935845216696522e-08,
                3.3394139044879064e-08,
                1.0
            ]
        ],
        "H_bfw_to_canvas": [
            [
                316.0236677666212,
                -123.87609505106492,
                -143237.5769881592
            ],
            [
                122.68324789981914,
                315.8871121998554,
                -392389.95130117657
            ],
            [
                -1.2609266038618362e-05,
                -7.212070824943012e-06,
                1.0169617497965324
            ]
        ],
        "corners_canvas_overlap": [
            [
                -3.950220792831027e-12,
                0.0
            ],
            [
                131456.0,
                0.0
            ],
            [
                131456.0,
                129024.0
            ],
            [
                0.0,
                129024.0
            ]
        ],
        "corners_bfw_overlap": [
            [
                815.9476200105697,
                925.2889454881823
            ],
            [
                1175.6835121933073,
                785.5757876131356
            ],
            [
                1312.0153078073113,
                1137.8962437060975
            ],
            [
                954.3034208436271,
                1278.2521265835344
            ]
        ],
        "bfw_dims_original": [
            2000,
            2032
        ],
        "interpolated_bfw_css_rotation_deg": 75
    },
    "358.jpg": {
        "canvas_path": "renamed_images/358.jpg",
        "stack_path_intermediate": "nissl_slices_244/358.jpg",
        "status": "success",
        "error_message": null,
        "H_canvas_to_bfw": [
            [
                -0.01166425544653264,
                8.129216331494457e-05,
                1413.9392883551227
            ],
            [
                -1.4539024085561639e-05,
                -0.01171718720393786,
                1491.0205600888435
            ],
            [
                6.557939093848312e-08,
                -2.108710706993121e-09,
                1.0
            ]
        ],
        "H_bfw_to_canvas": [
            [
                -85.05000549006725,
                -0.6118709864158031,
                121167.85645809276
            ],
            [
                0.8154957502111366,
                -85.36175502247634,
                126123.07030306918
            ],
            [
                5.5792472039732325e-06,
                -1.3987712016154278e-07,
                0.9923198428409036
            ]
        ],
        "corners_canvas_overlap": [
            [
                -2.3474030878822827e-12,
                0.0
            ],
            [
                79488.0,
                0.0
            ],
            [
                79488.0,
                76672.0
            ],
            [
                0.0,
                76672.0
            ]
        ],
        "corners_bfw_overlap": [
            [
                1413.9392558770007,
                1491.0205536634444
            ],
            [
                484.2466757557561,
                1482.1388239752612
            ],
            [
                490.5260869498475,
                588.5120809322013
            ],
            [
                1420.401791438214,
                592.7362644340242
            ]
        ],
        "bfw_dims_original": [
            2000,
            2032
        ],
        "interpolated_bfw_css_rotation_deg": 73.7269372693727
    },
    "361.jpg": {
        "canvas_path": "renamed_images/361.jpg",
        "stack_path_intermediate": "nissl_slices_244/361.jpg",
        "status": "success",
        "error_message": null,
        "H_canvas_to_bfw": [
            [
                -0.011664729150480172,
                0.0007838028342404156,
                1371.5166631631023
            ],
            [
                -0.0008135749337469788,
                -0.011672776247943899,
                1527.9148522394362
            ],
            [
                -8.079844781894403e-09,
                -1.4992743667844492e-08,
                1.0
            ]
        ],
        "H_bfw_to_canvas": [
            [
                -85.4046199895974,
                -5.896765313064359,
                126143.61472884679
            ],
            [
                5.873775353558789,
                -85.43232289604147,
                122477.33424109442
            ],
            [
                -6.019920649342135e-07,
                -1.328509866573691e-06,
                1.002855492104634
            ]
        ],
        "corners_canvas_overlap": [
            [
                -2.3474030878822827e-12,
                0.0
            ],
            [
